3 0.2609375 0.50390625 0.1734375 0.1171875
3 0.0453125 0.46484375 0.090625 0.0984375
4 0.06796875 0.309375 0.0875 0.0984375
5 0.24609375 0.64921875 0.1921875 0.125
4 0.30390625 0.35859375 0.1703125 0.1203125
5 0.0484375 0.596875 0.096875 0.115625
0 0.61171875 0.56328125 0.15625 0.1078125
2 0.57109375 0.715625 0.153125 0.125
12 0.7046875 0.32734375 0.1875 0.13125
2 0.70859375 0.41640625 0.1671875 0.115625
9 0.2359375 0.4859375 0.471875 0.553125
0 0.590625 0.63984375 0.15625 0.1078125
8 0.54765625 0.82109375 0.16875 0.1390625
8 0.66328125 0.490625 0.16875 0.1171875