3 0.271875 0.4015625 0.0953125 0.065625
5 0.28125 0.3265625 0.1078125 0.0703125
5 0.4171875 0.3609375 0.1125 0.075
4 0.2515625 0.4765625 0.09375 0.0640625
9 0.39375 0.434375 0.4828125 0.340625
0 0.059375 0.36171875 0.0859375 0.0578125
2 0.071875 0.275 0.06875 0.059375
10 0.5421875 0.46015625 0.090625 0.0625
6 0.40546875 0.4265625 0.0875 0.0609375
12 0.55390625 0.390625 0.103125 0.06875
11 0.52265625 0.5359375 0.0875 0.0609375
1 0.046875 0.4453125 0.09375 0.0625
7 0.39296875 0.50703125 0.0890625 0.0625
8 0.096875 0.221875 0.0921875 0.0703125