2 0.909375 0.5078125 0.11875 0.0765625
3 0.609375 0.53203125 0.1125 0.075
0 0.8609375 0.603125 0.109375 0.0703125
5 0.6421875 0.4484375 0.1203125 0.078125
9 0.4578125 0.50234375 0.5765625 0.396875
12 0.3140625 0.371875 0.128125 0.08125
4 0.58984375 0.621875 0.109375 0.075
11 0.26484375 0.54453125 0.1125 0.071875
1 0.8234375 0.7 0.1078125 0.0703125
8 0.478125 0.41015625 0.1171875 0.078125
7 0.41953125 0.58203125 0.10625 0.071875
10 0.28828125 0.45078125 0.109375 0.071875
6 0.453125 0.4875 0.103125 0.0703125