3 0.34140625 0.578125 0.1140625 0.071875
3 0.5203125 0.59765625 0.1171875 0.0734375
4 0.34296875 0.4671875 0.1078125 0.0734375
4 0.53828125 0.4921875 0.1171875 0.0765625
3 0.1546875 0.5515625 0.1203125 0.071875
5 0.52265625 0.69921875 0.1328125 0.0765625
5 0.153125 0.640625 0.13125 0.078125
5 0.33828125 0.66953125 0.14375 0.0828125
9 0.3484375 0.56796875 0.6265625 0.4078125
2 0.75859375 0.72890625 0.1125 0.08125
12 0.821875 0.44765625 0.1328125 0.08125
1 0.83203125 0.5109375 0.121875 0.075
7 0.80546875 0.565625 0.1203125 0.078125
0 0.77265625 0.61796875 0.1140625 0.0703125
11 0.15234375 0.4453125 0.1265625 0.078125
10 0.86015625 0.67109375 0.121875 0.08125
8 0.7515625 0.8046875 0.11875 0.0890625
6 0.7625 0.67421875 0.1109375 0.0703125