3 0.60625 0.571875 0.0734375 0.1296875
3 0.6296875 0.35 0.07734375 0.13671875
4 0.7625 0.36640625 0.08125 0.1421875
3 0.59453125 0.80703125 0.071875 0.13828125
4 0.7421875 0.60625 0.07890625 0.13046875
4 0.72421875 0.81796875 0.075 0.13515625
9 0.621875 0.5609375 0.43671875 0.7640625
12 0.4796875 0.784375 0.0796875 0.15859375
0 0.61328125 0.03359375 0.0703125 0.0671875
11 0.78828125 0.0375 0.08359375 0.075
2 0.5375 0.246875 0.540625 0.25 0.5421875 0.259375 0.5390625 0.26875 0.5375 0.303125 0.534375 0.3125 0.5328125 0.3859375 0.53125 0.3890625 0.528125 0.3890625 0.5171875 0.375 0.5109375 0.371875 0.5109375 0.36875 0.496875 0.3578125 0.4890625 0.346875 0.4765625 0.3390625 0.4765625 0.334375 0.4640625 0.3140625 0.4640625 0.30625 0.4671875 0.3 0.475 0.296875 0.4765625 0.2921875 0.4828125 0.2859375 0.4875 0.284375 0.4953125 0.275 0.503125 0.271875 0.5234375 0.25 0.5359375 0.246875
8 0.5203125 0.475 0.528125 0.4734375 0.53125 0.48125 0.53125 0.5015625 0.528125 0.515625 0.528125 0.5359375 0.525 0.55625 0.5234375 0.6140625 0.5203125 0.6296875 0.5171875 0.6296875 0.50625 0.6171875 0.5046875 0.6125 0.4859375 0.5953125 0.48125 0.5859375 0.4765625 0.5828125 0.4765625 0.5796875 0.471875 0.5765625 0.459375 0.5578125 0.453125 0.5421875 0.453125 0.534375 0.459375 0.525 0.465625 0.521875 0.48125 0.5046875 0.4859375 0.503125 0.496875 0.4921875 0.503125 0.490625 0.5109375 0.4796875 0.5203125 0.4765625
7 0.6546875 0 0.7296875 0 0.7296875 0.0046875 0.7375 0.01875 0.7359375 0.0328125 0.73125 0.0375 0.7296875 0.0453125 0.725 0.05 0.7203125 0.059375 0.7203125 0.0640625 0.715625 0.06875 0.70625 0.0890625 0.7015625 0.09375 0.7015625 0.096875 0.690625 0.1140625 0.6859375 0.1171875 0.68125 0.1171875 0.6734375 0.109375 0.66875 0.0984375 0.6640625 0.0953125 0.6546875 0.075 0.65 0.071875 0.640625 0.053125 0.640625 0.04375 0.6453125 0.0390625 0.65 0.0234375 0.65 0.015625 0.6546875 0.0078125 0.6546875 0.0015625