5 0.3015625 0.60078125 0.13203125 0.0640625
5 0.50078125 0.60703125 0.14609375 0.0703125
9 0.515625 0.5046875 0.61015625 0.3453125
5 0.70078125 0.61484375 0.13125 0.06640625
11 0.31171875 0.39296875 0.11328125 0.06171875
10 0.3015625 0.50234375 0.115625 0.0609375
0 0.696875 0.50703125 0.1171875 0.0609375
12 0.409375 0.74140625 0.12578125 0.07109375
1 0.71015625 0.396875 0.11484375 0.0640625
6 0.50234375 0.5109375 0.10625 0.0578125
7 0.50390625 0.39296875 0.1078125 0.06171875
8 0.74765625 0.753125 0.121875 0.06953125