3 0.52109375 0.5375 0.125 0.0828125
0 0.51640625 0.71171875 0.1109375 0.0796875
5 0.3390625 0.5140625 0.1265625 0.0890625
2 0.29375 0.690625 0.1234375 0.0890625
4 0.71640625 0.57265625 0.1265625 0.0796875
9 0.54921875 0.4359375 0.659375 0.428125
1 0.73046875 0.740625 0.121875 0.0859375
12 0.378125 0.2953125 0.1296875 0.0953125
11 0.74609375 0.35390625 0.1265625 0.0890625
7 0.73125 0.45703125 0.121875 0.08125
8 0.353125 0.4046875 0.13125 0.0890625
10 0.546875 0.321875 0.1203125 0.08125
6 0.5234375 0.42890625 0.1140625 0.075