4 0.43671875 0.45703125 0.071875 0.11875
4 0.3921875 0.0953125 0.065625 0.1125
4 0.41171875 0.26796875 0.0671875 0.109375
5 0.6375 0.41484375 0.06875 0.121875
9 0.51796875 0.2828125 0.3921875 0.565625
5 0.6125 0.23203125 0.075 0.1421875
2 0.78671875 0.70546875 0.0796875 0.11875
5 0.58359375 0.05703125 0.0671875 0.1140625
11 0.47265625 0.73984375 0.078125 0.13125
12 0.72734375 0.1265625 0.0796875 0.13125
8 0.775 0.43359375 0.071875 0.1140625
7 0.665625 0.7078125 0.6796875 0.7109375 0.68125 0.7140625 0.696875 0.715625 0.6984375 0.71875 0.7140625 0.7203125 0.721875 0.725 0.7234375 0.740625 0.7203125 0.8171875 0.709375 0.81875 0.696875 0.8125 0.6890625 0.8125 0.6875 0.809375 0.6703125 0.80625 0.66875 0.803125 0.6625 0.8015625 0.659375 0.7859375 0.6625 0.753125 0.6609375 0.7359375 0.6640625 0.721875 0.6625 0.7171875 0.665625 0.709375
1 0.5109375 0.759375 0.51875 0.76875 0.5265625 0.771875 0.553125 0.7984375 0.5546875 0.8140625 0.55 0.825 0.5484375 0.840625 0.54375 0.8515625 0.54375 0.8625 0.5390625 0.8734375 0.5390625 0.8796875 0.534375 0.8828125 0.5203125 0.8734375 0.5203125 0.8703125 0.4875 0.8375 0.4890625 0.821875 0.4921875 0.815625 0.4921875 0.8046875 0.496875 0.796875 0.5 0.778125 0.5046875 0.7703125 0.503125 0.765625 0.509375 0.7609375
0 0.5515625 0.3796875 0.553125 0.384375 0.5578125 0.3875 0.559375 0.403125 0.5640625 0.409375 0.565625 0.4328125 0.5625 0.4390625 0.5625 0.4484375 0.559375 0.453125 0.559375 0.459375 0.54375 0.475 0.5296875 0.471875 0.515625 0.4546875 0.5109375 0.4421875 0.5078125 0.4078125 0.5140625 0.39375 0.515625 0.3828125 0.521875 0.375 0.5453125 0.3734375 0.55 0.3796875
6 0.5171875 0.1859375 0.528125 0.1890625 0.5390625 0.2 0.5453125 0.21875 0.546875 0.23125 0.5453125 0.265625 0.5359375 0.284375 0.53125 0.2875 0.53125 0.290625 0.5171875 0.290625 0.509375 0.2859375 0.509375 0.2828125 0.5015625 0.2734375 0.4984375 0.25625 0.4921875 0.2390625 0.49375 0.2328125 0.4921875 0.2265625 0.4984375 0.203125 0.5078125 0.190625 0.515625 0.1875
10 0.4703125 0.0015625 0.484375 0 0.5046875 0 0.50625 0.0015625 0.50625 0.00625 0.5125 0.0171875 0.5125 0.025 0.5171875 0.0328125 0.5171875 0.0421875 0.5203125 0.053125 0.5171875 0.06875 0.51875 0.075 0.5171875 0.084375 0.5125 0.0921875 0.5125 0.096875 0.503125 0.10625 0.484375 0.10625 0.48125 0.1 0.4765625 0.096875 0.471875 0.0796875 0.46875 0.0765625 0.4671875 0.0546875 0.4640625 0.0515625 0.4640625 0.0359375 0.465625 0.034375 0.4640625 0.0296875 0.4671875 0.0171875 0.471875 0.0125 0.4703125 0.003125