4 0.64609375 0.6390625 0.1015625 0.06875
9 0.521875 0.52734375 0.5296875 0.3609375
3 0.66171875 0.5546875 0.096875 0.0640625
0 0.89609375 0.615625 0.1015625 0.0640625
2 0.94140625 0.52890625 0.1078125 0.0671875
1 0.8625 0.70546875 0.1046875 0.065625
12 0.3921875 0.4109375 0.1109375 0.0703125
5 0.69296875 0.47734375 0.1125 0.06875
11 0.34375 0.5671875 0.0984375 0.065625
10 0.3671875 0.4828125 0.096875 0.0640625
7 0.48828125 0.6015625 0.09375 0.0640625
8 0.540625 0.44375 0.115625 0.071875
6 0.51875 0.51484375 0.0890625 0.059375