4 0.43203125 0.665625 0.0828125 0.1296875
4 0.4109375 0.4515625 0.0828125 0.125
5 0.6640625 0.64765625 0.0859375 0.1453125
4 0.39296875 0.2546875 0.0796875 0.125
5 0.615625 0.2265625 0.0859375 0.1578125
5 0.63984375 0.440625 0.0921875 0.16875
9 0.525 0.45 0.4421875 0.6921875
12 0.778125 0.334375 0.0921875 0.14375
8 0.81640625 0.6921875 0.090625 0.1375
0 0.540625 0.5859375 0.55 0.590625 0.5515625 0.5890625 0.55625 0.590625 0.5625 0.596875 0.56875 0.60625 0.56875 0.6109375 0.575 0.61875 0.575 0.625 0.5796875 0.6328125 0.5796875 0.6421875 0.5828125 0.646875 0.578125 0.68125 0.5703125 0.7 0.5640625 0.7046875 0.5640625 0.7078125 0.5515625 0.7109375 0.54375 0.709375 0.5375 0.7046875 0.51875 0.6734375 0.515625 0.628125 0.51875 0.6234375 0.51875 0.615625 0.525 0.6 0.5359375 0.5875 0.5390625 0.5875
6 0.5421875 0.3859375 0.55625 0.4 0.5609375 0.409375 0.565625 0.4234375 0.56875 0.4578125 0.565625 0.4640625 0.565625 0.4734375 0.559375 0.4796875 0.55625 0.4875 0.5515625 0.49375 0.540625 0.4984375 0.528125 0.496875 0.5171875 0.484375 0.5140625 0.478125 0.5140625 0.471875 0.5078125 0.4609375 0.5046875 0.44375 0.50625 0.4421875 0.503125 0.4390625 0.5046875 0.4296875 0.503125 0.4203125 0.5078125 0.4125 0.50625 0.4078125 0.5109375 0.3984375 0.51875 0.3890625 0.528125 0.384375 0.540625 0.3859375
10 0.4984375 0.1625 0.5171875 0.165625 0.528125 0.175 0.5296875 0.18125 0.5359375 0.1890625 0.5359375 0.1953125 0.5390625 0.2 0.5390625 0.2140625 0.5421875 0.2296875 0.540625 0.2359375 0.5421875 0.246875 0.5390625 0.2546875 0.540625 0.259375 0.5375 0.2609375 0.5328125 0.2734375 0.534375 0.275 0.5296875 0.2828125 0.51875 0.2859375 0.5078125 0.2859375 0.4984375 0.28125 0.4984375 0.278125 0.4953125 0.2765625 0.4875 0.2625 0.4859375 0.2484375 0.48125 0.24375 0.48125 0.234375 0.478125 0.228125 0.4796875 0.2265625 0.478125 0.2015625 0.4828125 0.178125 0.49375 0.165625 0.4984375 0.1640625