7 0.51953125 0.7609375 0.115625 0.084375
4 0.575 0.35859375 0.1203125 0.084375
4 0.56171875 0.459375 0.1234375 0.0828125
7 0.31875 0.70703125 0.159375 0.1109375
4 0.54296875 0.571875 0.1296875 0.0875
12 0.20859375 0.27734375 0.1390625 0.1046875
2 0.1515625 0.49609375 0.1328125 0.096875
0 0.3484375 0.5296875 0.121875 0.0859375
10 0.38125 0.3109375 0.1171875 0.0859375
8 0.17578125 0.3828125 0.1203125 0.0875
11 0.0734375 0.64453125 0.146875 0.1046875
6 0.35390625 0.4171875 0.115625 0.08125
9 0.6881589859374999 0.3227243578125 0.10712089218750001 0.21804940312499999 0.026243121874999997 0.5286378953125 0.6556381828125 0.6649256359375 0.6881589859374999 0.3227243578125