2 0.51015625 0.33125 0.1265625 0.0796875
0 0.2203125 0.409375 0.1109375 0.06875
1 0.22265625 0.521875 0.1125 0.0703125
11 0.85234375 0.578125 0.125 0.071875
4 0.4921875 0.53515625 0.1125 0.071875
12 0.8703125 0.384375 0.1375 0.08125
3 0.50859375 0.434375 0.109375 0.0703125
8 0.690625 0.359375 0.1265625 0.0796875
10 0.8625 0.47421875 0.1140625 0.071875
7 0.6828125 0.55703125 0.11875 0.0703125
6 0.68671875 0.44921875 0.1078125 0.06875
9 0.941205165625 0.334536603125 0.412922428125 0.2579672875 0.38520136250000003 0.5882157390625 0.9328199796875 0.643110953125 0.941205165625 0.334536603125