4 0.77265625 0.49296875 0.1296875 0.0796875
4 0.75546875 0.60703125 0.125 0.075
3 0.553125 0.57890625 0.1140625 0.075
5 0.37734375 0.66484375 0.1203125 0.0890625
3 0.578125 0.475 0.115625 0.0765625
3 0.54296875 0.68984375 0.1125 0.078125
5 0.3984375 0.4484375 0.1171875 0.0828125
5 0.38671875 0.5546875 0.128125 0.0921875
2 0.421875 0.31875 0.1171875 0.0703125
9 0.57421875 0.58203125 0.6390625 0.40625
12 0.934375 0.3546875 0.13125 0.0890625
0 0.615625 0.3390625 0.103125 0.071875
1 0.825 0.33359375 0.1203125 0.08125
7 0.71953125 0.334375 0.1171875 0.08125
8 0.28671875 0.30234375 0.1265625 0.0765625
11 0.74453125 0.715625 0.115625 0.08125
6 0.515625 0.33046875 0.1015625 0.06875
10 0.5515625 0.28125 0.1140625 0.075