3 0.69609375 0.52265625 0.0671875 0.11328125
2 0.3953125 0.128125 0.065625 0.13203125
3 0.5875 0.5265625 0.06484375 0.1140625
5 0.69765625 0.3453125 0.084375 0.12421875
5 0.58515625 0.33515625 0.0734375 0.11796875
0 0.3703125 0.44296875 0.06171875 0.10546875
1 0.5828125 0.728125 0.06875 0.11875
8 0.55625 0.08828125 0.0640625 0.1203125
12 0.7453125 0.10234375 0.071875 0.125
6 0.37890625 0.63671875 0.06015625 0.10390625
7 0.703125 0.7390625 0.06875 0.11796875
10 0.38046875 0.26796875 0.0625 0.11015625
9 0.7815837265625001 0.8483458328125 0.7799964625 0.2354333328125 0.5242452828124999 0.2164479171875 0.51641155625 0.8455416671875 0.7815837265625001 0.8483458328125