7 0.90859375 0.51328125 0.1703125 0.09375
4 0.55546875 0.64375 0.1328125 0.075
4 0.321875 0.64296875 0.12109375 0.0703125
4 0.11328125 0.640625 0.12578125 0.06875
9 0.34375 0.51640625 0.68125 0.39765625
2 0.55 0.3890625 0.146875 0.0734375
1 0.9328125 0.64453125 0.134375 0.0765625
11 0.871875 0.35 0.146875 0.08671875
12 0.08671875 0.4 0.16796875 0.0796875
0 0.5421875 0.51484375 0.13203125 0.06953125
10 0.08984375 0.5140625 0.1375 0.06875
6 0.3203125 0.50859375 0.13984375 0.07578125
8 0.321875 0.39453125 0.15546875 0.0765625