0 0.45703125 0.340625 0.1125 0.0828125
1 0.6609375 0.40078125 0.1140625 0.0828125
11 0.5078125 0.759375 0.109375 0.0796875
4 0.5765625 0.54765625 0.125 0.0875
2 0.1984375 0.44921875 0.1359375 0.1
12 0.15078125 0.6609375 0.1328125 0.103125
3 0.3875 0.5015625 0.1203125 0.0859375
7 0.54140625 0.65859375 0.1171875 0.0875
6 0.340625 0.603125 0.1171875 0.084375
8 0.1765625 0.5546875 0.1375 0.1015625
10 0.31640625 0.70625 0.1171875 0.0875
9 0.7068588671875 0.5172933578125 0.11427294375 0.35926303593750003 0.0401502578125 0.6749730921875 0.5995982421875 0.8116959874999999 0.7068588671875 0.5172933578125