3 0.47265625 0.609375 0.128125 0.0875
3 0.484375 0.50234375 0.11875 0.08125
4 0.684375 0.53984375 0.1234375 0.0796875
5 0.28984375 0.57890625 0.125 0.090625
5 0.31953125 0.4734375 0.134375 0.1046875
4 0.66640625 0.65234375 0.1328125 0.090625
9 0.5015625 0.51328125 0.6671875 0.4453125
10 0.50859375 0.39765625 0.11875 0.0828125
12 0.34296875 0.36640625 0.1296875 0.096875
11 0.70390625 0.4359375 0.1203125 0.0859375
0 0.4671875 0.7671875 0.0953125 0.040625
8 0.1140625 0.690625 0.115625 0.0578125
6 0.35625 0.74140625 0.10625 0.0515625