3 0.46953125 0.5234375 0.109375 0.0609375
4 0.48203125 0.62421875 0.109375 0.0640625
9 0.30703125 0.52890625 0.5546875 0.321875
0 0.7484375 0.5328125 0.1046875 0.0546875
2 0.7671875 0.4234375 0.115625 0.0625
5 0.475 0.428125 0.115625 0.0609375
1 0.7453125 0.64375 0.1140625 0.0625
12 0.1125 0.43125 0.13125 0.0640625
11 0.1171875 0.62421875 0.1171875 0.059375
6 0.29296875 0.51640625 0.0984375 0.05625
10 0.1125 0.5203125 0.1078125 0.059375
8 0.2953125 0.43046875 0.125 0.0640625
7 0.29140625 0.62421875 0.1078125 0.059375