3 0.7265625 0.4875 0.1046875 0.05546875
9 0.56953125 0.48828125 0.53125 0.30234375
5 0.73671875 0.5828125 0.11953125 0.06015625
5 0.390625 0.57890625 0.11328125 0.0546875
5 0.5609375 0.58125 0.12421875 0.06171875
11 0.378125 0.3984375 0.09453125 0.05234375
12 0.49453125 0.69765625 0.1078125 0.06015625
1 0.7296875 0.39140625 0.10234375 0.0578125
8 0.79296875 0.70390625 0.1078125 0.0625
7 0.54609375 0.39375 0.0984375 0.05546875
10 0.38203125 0.49453125 0.09921875 0.05234375
6 0.55625 0.496875 0.0921875 0.0515625