3 0.503125 0.54765625 0.09609375 0.0515625
5 0.50390625 0.4671875 0.121875 0.06015625
5 0.340625 0.46484375 0.1078125 0.05703125
9 0.49453125 0.55546875 0.503125 0.2859375
2 0.0734375 0.459375 0.1046875 0.05546875
4 0.3359375 0.6453125 0.09765625 0.0546875
3 0.34609375 0.55234375 0.096875 0.053125
1 0.09296875 0.66484375 0.10390625 0.053125
0 0.0859375 0.56328125 0.09921875 0.04921875
12 0.66796875 0.46796875 0.11640625 0.05546875
10 0.66796875 0.54921875 0.09453125 0.05
8 0.10703125 0.39453125 0.10234375 0.05859375
7 0.50625 0.64453125 0.0921875 0.05234375
11 0.66328125 0.64453125 0.0984375 0.053125
6 0.10234375 0.51015625 0.08984375 0.04765625