3 0.46875 0.52890625 0.128125 0.0890625
3 0.6640625 0.47265625 0.140625 0.0953125
5 0.70625 0.5828125 0.1578125 0.1046875
4 0.4265625 0.41015625 0.1234375 0.0921875
4 0.64140625 0.3515625 0.1390625 0.1
5 0.5046875 0.62890625 0.16875 0.109375
9 0.47421875 0.5125 0.7203125 0.515625
0 0.93046875 0.390625 0.1234375 0.0875
12 0.89296875 0.19140625 0.1109375 0.1
11 0.23046875 0.46171875 0.146875 0.096875
2 0.95 0.515625 0.1 0.09375
6 0.94296875 0.4546875 0.1140625 0.090625
1 0.921875 0.25859375 0.08125 0.078125
10 0.26328125 0.58046875 0.13125 0.090625
7 0.9265625 0.32265625 0.103125 0.090625
8 0.96171875 0.60078125 0.0765625 0.1078125
5 0.2296875 0.6625 0.2328125 0.6625 0.2359375 0.6578125 0.2421875 0.6546875 0.2796875 0.646875 0.284375 0.64375 0.29375 0.64375 0.296875 0.640625 0.3140625 0.6390625 0.35 0.6296875 0.3609375 0.6296875 0.3625 0.6328125 0.3609375 0.6421875 0.3515625 0.6484375 0.3515625 0.6515625 0.346875 0.6546875 0.3421875 0.665625 0.3359375 0.671875 0.3375 0.6734375 0.3328125 0.6765625 0.3328125 0.6828125 0.3140625 0.703125 0.3015625 0.7046875 0.2828125 0.696875 0.278125 0.6921875 0.2734375 0.6921875 0.2640625 0.684375 0.253125 0.6796875 0.246875 0.6734375 0.2390625 0.671875 0.23125 0.6640625