3 0.63671875 0.534375 0.11875 0.0796875
4 0.8203125 0.5734375 0.13125 0.084375
4 0.85 0.4671875 0.128125 0.078125
5 0.4828125 0.40703125 0.1328125 0.1
3 0.65 0.43359375 0.121875 0.0796875
5 0.45859375 0.50859375 0.1171875 0.0828125
9 0.66015625 0.440625 0.6796875 0.446875
2 0.41328125 0.6625 0.1171875 0.0828125
1 0.81953125 0.725 0.1296875 0.0875
0 0.61640625 0.6890625 0.103125 0.0734375
12 0.50625 0.296875 0.1234375 0.09375
8 0.2890625 0.62109375 0.1234375 0.08125
11 0.88359375 0.36484375 0.1296875 0.0859375
10 0.68046875 0.32421875 0.11875 0.0828125
7 0.7015625 0.740625 0.1171875 0.078125
6 0.515625 0.66171875 0.1 0.0703125