4 0.278125 0.3390625 0.11328125 0.0640625
3 0.4609375 0.446875 0.10390625 0.0578125
4 0.27421875 0.44609375 0.10390625 0.05546875
5 0.62421875 0.34765625 0.09921875 0.06484375
3 0.45546875 0.3484375 0.10625 0.0625
5 0.61328125 0.44765625 0.1109375 0.07421875
5 0.60390625 0.546875 0.0984375 0.06796875
9 0.44609375 0.4390625 0.55625 0.3109375
11 0.26875 0.54140625 0.1 0.0578125
0 0.44140625 0.2328125 0.08671875 0.028125
10 0.4515625 0.55 0.09921875 0.0578125
6 0.53671875 0.23359375 0.08984375 0.03046875
8 0.74921875 0.23828125 0.090625 0.03671875
2 0.62421875 0.23828125 0.06953125 0.034375