9 0.38359375 0.7109375 0.34609375 0.578125
3 0.38359375 0.55703125 0.06328125 0.1125
3 0.37265625 0.73984375 0.06171875 0.109375
5 0.28046875 0.53828125 0.0640625 0.12265625
5 0.27578125 0.728125 0.0703125 0.1375
3 0.36875 0.93359375 0.059375 0.1125
5 0.27265625 0.91875 0.06328125 0.1296875
0 0.3578125 0.17265625 0.06171875 0.1109375
2 0.17890625 0.18984375 0.07890625 0.12109375
12 0.14375 0.78984375 0.0734375 0.1265625
6 0.465625 0.21171875 0.0578125 0.10546875
1 0.49375 0.571875 0.0625 0.115625
10 0.25859375 0.17109375 0.06171875 0.1125
8 0.14609375 0.4640625 0.071875 0.11328125
11 0.47578125 0.9421875 0.06015625 0.115625
7 0.4859375 0.76796875 0.06015625 0.11953125