4 0.6390625 0.61171875 0.07421875 0.12265625
4 0.63359375 0.396875 0.0703125 0.1125
5 0.40859375 0.61953125 0.06953125 0.13203125
5 0.4125 0.22265625 0.065625 0.14140625
5 0.41015625 0.41953125 0.0703125 0.14921875
4 0.6265625 0.21171875 0.06484375 0.11640625
9 0.52578125 0.4234375 0.36640625 0.63203125
11 0.64453125 0.93828125 0.07734375 0.1234375
0 0.51953125 0.6078125 0.06640625 0.11796875
12 0.275 0.3484375 0.07109375 0.1265625
2 0.2953125 0.959375 0.07109375 0.07578125
6 0.50859375 0.403125 0.0640625 0.11484375
8 0.26875 0.6859375 0.0703125 0.11875
10 0.5109375 0.20234375 0.06328125 0.121875
7 0.39609375 0.978125 0.075 0.0390625