4 0.4421875 0.42890625 0.0828125 0.1234375
5 0.65 0.46875 0.0859375 0.1328125
4 0.3765625 0.80078125 0.0796875 0.121875
4 0.40703125 0.62421875 0.08125 0.115625
5 0.6140625 0.6546875 0.0921875 0.1546875
5 0.57578125 0.8484375 0.0875 0.146875
2 0.8140625 0.16640625 0.090625 0.1328125
9 0.51171875 0.6375 0.4375 0.6515625
1 0.55 0.06796875 0.09375 0.1359375
0 0.5453125 0.4546875 0.08125 0.11875
12 0.7296875 0.765625 0.090625 0.1328125
6 0.51796875 0.64375 0.0796875 0.1171875
11 0.49765625 0.14296875 0.0921875 0.14375
10 0.4765625 0.8390625 0.0828125 0.125
7 0.72265625 0.11171875 0.0953125 0.146875
8 0.790625 0.44375 0.084375 0.121875