3 0.33671875 0.46640625 0.08203125 0.0453125
3 0.20078125 0.4515625 0.08125 0.0453125
9 0.23046875 0.4453125 0.45859375 0.2921875
4 0.378125 0.3921875 0.08984375 0.0515625
4 0.2328125 0.371875 0.08359375 0.04921875
5 0.18125 0.5203125 0.10390625 0.05546875
2 0.48203125 0.56328125 0.08125 0.04609375
5 0.3171875 0.53984375 0.08828125 0.0484375
1 0.5828125 0.4078125 0.08046875 0.04609375
5 0.04609375 0.5 0.08828125 0.0484375
12 0.58046875 0.36484375 0.08828125 0.05
8 0.46015625 0.61875 0.08203125 0.04765625
7 0.55 0.446875 0.08671875 0.0484375
11 0.09296875 0.35 0.09140625 0.05078125
0 0.5140625 0.4828125 0.07421875 0.0390625
6 0.49765625 0.52265625 0.07265625 0.040625
10 0.05546875 0.43125 0.08984375 0.04765625