4 0.40390625 0.4140625 0.05390625 0.09296875
4 0.49140625 0.3984375 0.0515625 0.09921875
4 0.5890625 0.38515625 0.0578125 0.1015625
5 0.409375 0.72421875 0.0640625 0.09609375
9 0.50234375 0.55390625 0.3015625 0.5390625
5 0.503125 0.71953125 0.07109375 0.1078125
5 0.5984375 0.71640625 0.0625 0.09921875
12 0.47265625 0.92421875 0.059375 0.11015625
2 0.7625 0.86875 0.0421875 0.11953125
0 0.578125 0.5125 0.584375 0.509375 0.6 0.5109375 0.6140625 0.5296875 0.61875 0.546875 0.61875 0.565625 0.6140625 0.5734375 0.609375 0.5890625 0.5953125 0.6015625 0.5875 0.6015625 0.5859375 0.5984375 0.578125 0.596875 0.578125 0.59375 0.5734375 0.590625 0.5734375 0.5875 0.56875 0.5828125 0.5625 0.5578125 0.5625 0.54375 0.5734375 0.51875 0.578125 0.5140625
6 0.4890625 0.53125 0.5 0.53125 0.5015625 0.534375 0.509375 0.5359375 0.5171875 0.54375 0.5234375 0.5671875 0.521875 0.5890625 0.51875 0.59375 0.5171875 0.603125 0.509375 0.6171875 0.50625 0.6171875 0.5046875 0.6203125 0.4890625 0.6203125 0.4875 0.6171875 0.4828125 0.615625 0.48125 0.6109375 0.4765625 0.6078125 0.4765625 0.6 0.4734375 0.5953125 0.471875 0.5671875 0.478125 0.54375 0.48125 0.5375 0.4890625 0.5328125
10 0.3953125 0.5375 0.4078125 0.5375 0.409375 0.540625 0.4171875 0.54375 0.421875 0.55 0.4265625 0.5671875 0.4265625 0.5953125 0.4171875 0.6140625 0.4125 0.6203125 0.40625 0.6234375 0.3921875 0.6234375 0.3875 0.6203125 0.375 0.596875 0.375 0.565625 0.3859375 0.54375 0.3953125 0.5390625