3 0.4640625 0.46953125 0.11484375 0.06171875
4 0.67109375 0.359375 0.11875 0.06640625
4 0.46953125 0.35625 0.10625 0.0625
3 0.65078125 0.46796875 0.1171875 0.0625
9 0.471875 0.4609375 0.6 0.34375
5 0.26875 0.5578125 0.1375 0.0640625
2 0.88828125 0.57578125 0.11015625 0.0671875
5 0.46015625 0.565625 0.14140625 0.06875
5 0.6546875 0.5734375 0.13046875 0.0671875
0 0.89921875 0.46328125 0.115625 0.05859375
12 0.9390625 0.284375 0.121875 0.06875
10 0.2671875 0.46328125 0.12421875 0.0640625
8 0.8828125 0.65390625 0.1203125 0.07109375
1 0.9484375 0.346875 0.10234375 0.059375
11 0.27890625 0.34921875 0.1140625 0.06640625
7 0.93046875 0.40625 0.12890625 0.06484375
6 0.8921875 0.5203125 0.1078125 0.05703125