3 0.4875 0.46484375 0.1125 0.0734375
3 0.6625 0.434375 0.1234375 0.0796875
4 0.6640625 0.32578125 0.1265625 0.084375
3 0.30390625 0.4890625 0.1140625 0.071875
9 0.496875 0.4546875 0.615625 0.4140625
4 0.47265625 0.35625 0.109375 0.075
5 0.32109375 0.5765625 0.128125 0.078125
5 0.503125 0.5546875 0.146875 0.0859375
5 0.6828125 0.53359375 0.1296875 0.0828125
2 0.9140625 0.49765625 0.115625 0.0828125
0 0.90859375 0.38671875 0.11875 0.0734375
12 0.9109375 0.20703125 0.10625 0.084375
8 0.921875 0.57265625 0.121875 0.0875
7 0.9234375 0.328125 0.115625 0.08125
6 0.9078125 0.4421875 0.1109375 0.071875
1 0.93125 0.26796875 0.0828125 0.0703125
11 0.29140625 0.384375 0.1234375 0.0765625
10 0.96875 0.41953125 0.0546875 0.065625