5 0.33515625 0.35625 0.1375 0.0828125
3 0.303125 0.44375 0.1203125 0.0765625
3 0.67421875 0.52265625 0.125 0.08125
4 0.6546875 0.63046875 0.1296875 0.0859375
4 0.4578125 0.58828125 0.115625 0.08125
5 0.52265625 0.390625 0.1546875 0.090625
5 0.70859375 0.425 0.1421875 0.0875
3 0.4921875 0.4796875 0.115625 0.0765625
9 0.49609375 0.496875 0.6546875 0.4421875
2 0.94453125 0.4765625 0.1109375 0.0875
1 0.92734375 0.7078125 0.0953125 0.0765625
0 0.92578125 0.5875 0.128125 0.0796875
12 0.903125 0.7671875 0.1234375 0.090625
7 0.928125 0.6484375 0.1140625 0.08125
11 0.271875 0.54921875 0.128125 0.0828125
8 0.95234375 0.4 0.0953125 0.09375
6 0.93359375 0.5296875 0.1171875 0.0765625