9 0.4890625 0.4265625 0.4109375 0.6484375
4 0.39921875 0.21171875 0.071875 0.11875
4 0.38125 0.3984375 0.0765625 0.115625
4 0.36171875 0.61015625 0.0796875 0.1265625
5 0.6125 0.2359375 0.075 0.1453125
5 0.5921875 0.63125 0.078125 0.1375
5 0.60078125 0.43359375 0.084375 0.15625
12 0.74140625 0.3703125 0.0796875 0.1328125
3 0.4796875 0.6125 0.0734375 0.121875
11 0.334375 0.93203125 0.084375 0.1203125
2 0.6796875 0.96953125 0.075 0.0609375
7 0.72578125 0.70703125 0.078125 0.121875
6 0.50546875 0.41015625 0.071875 0.1203125
10 0.515625 0.2109375 0.06875 0.1234375
8 0.5765625 0.98515625 0.071875 0.0296875