3 0.3984375 0.384375 0.06875 0.11953125
3 0.403125 0.5875 0.0703125 0.12734375
3 0.40234375 0.16875 0.06640625 0.13046875
5 0.2953125 0.1734375 0.07109375 0.1515625
5 0.28671875 0.5984375 0.0734375 0.13515625
5 0.2921875 0.38671875 0.07734375 0.1546875
9 0.40390625 0.39375 0.36953125 0.64921875
1 0.52265625 0.60390625 0.0671875 0.125
2 0.16484375 0.9453125 0.0875 0.10703125
11 0.52265625 0.17734375 0.065625 0.13828125
12 0.14453125 0.29296875 0.07890625 0.1359375
0 0.35625 0.96796875 0.065625 0.06171875
7 0.525 0.38515625 0.065625 0.11875
8 0.13671875 0.65625 0.08046875 0.12421875
6 0.4734375 0.9578125 0.06015625 0.08203125
10 0.25 0.9625 0.06484375 0.07421875