3 0.40546875 0.365625 0.090625 0.1296875
4 0.35625 0.57578125 0.0859375 0.1296875
4 0.25 0.5421875 0.0875 0.1234375
3 0.28828125 0.3375 0.0953125 0.13125
4 0.47109375 0.60859375 0.090625 0.1328125
3 0.51015625 0.40625 0.090625 0.13125
1 0.71953125 0.5953125 0.1078125 0.1546875
9 0.4140625 0.38359375 0.471875 0.7234375
0 0.6890625 0.39375 0.08125 0.1203125
7 0.6546875 0.50546875 0.1109375 0.1546875
11 0.64765625 0.65234375 0.1 0.146875
12 0.3296875 0.146875 0.109375 0.1515625
2 0.559375 0.19921875 0.1046875 0.146875
6 0.76328125 0.3359375 0.0875 0.1234375
0 0.75078125 0.440625 0.0875 0.1234375
8 0.44453125 0.17734375 0.1109375 0.1515625