3 0.334375 0.5609375 0.11875 0.0828125
3 0.51015625 0.59921875 0.121875 0.0828125
4 0.346875 0.45078125 0.1109375 0.08125
4 0.5390625 0.49609375 0.121875 0.0875
3 0.15078125 0.51484375 0.1234375 0.0828125
5 0.5015625 0.70078125 0.1359375 0.0890625
5 0.13984375 0.603125 0.1359375 0.0890625
5 0.32109375 0.6515625 0.146875 0.0953125
9 0.3421875 0.5515625 0.6484375 0.4609375
2 0.73359375 0.7546875 0.1171875 0.090625
12 0.82578125 0.48125 0.1375 0.09375
1 0.82890625 0.54609375 0.125 0.0859375
7 0.796875 0.59765625 0.125 0.0890625
0 0.759375 0.64609375 0.1171875 0.08125
11 0.16015625 0.409375 0.1296875 0.0890625
10 0.840625 0.7078125 0.1265625 0.090625
8 0.71796875 0.82890625 0.125 0.1
6 0.74296875 0.70078125 0.1140625 0.0796875