5 0.38203125 0.40078125 0.11171875 0.07734375
9 0.5375 0.5171875 0.62109375 0.340625
5 0.36171875 0.50859375 0.12109375 0.08046875
5 0.34296875 0.61484375 0.1140625 0.0703125
11 0.74296875 0.4125 0.109375 0.0640625
0 0.52578125 0.61640625 0.1046875 0.0625
12 0.13125 0.45390625 0.12109375 0.0671875
7 0.7359375 0.51796875 0.11796875 0.0625
1 0.71953125 0.628125 0.115625 0.065625
6 0.52734375 0.5109375 0.10546875 0.05859375
8 0.0953125 0.63515625 0.125 0.06640625
10 0.5484375 0.4015625 0.10078125 0.06015625
1 0.146875 0.76875 0.071875 0.0234375