0 0.43828125 0.25390625 0.103125 0.071875
4 0.3359375 0.43515625 0.11875 0.084375
2 0.68125 0.340625 0.1265625 0.0875
3 0.51015625 0.39140625 0.115625 0.08125
1 0.2484375 0.303125 0.109375 0.0828125
12 0.74296875 0.53671875 0.125 0.09375
10 0.5890625 0.57890625 0.11875 0.0828125
8 0.71171875 0.43984375 0.1234375 0.0890625
11 0.41015625 0.62421875 0.115625 0.0859375
6 0.55859375 0.48203125 0.1078125 0.0765625
7 0.37421875 0.53359375 0.115625 0.08125
9 0.20762920937499998 0.404126128125 0.2015497578125 0.400381375 0.3284231109375 0.7043490421875 0.863686659375 0.5500793093749999 0.757602259375 0.259947465625 0.20762920937499998 0.404126128125