3 0.30703125 0.45703125 0.078125 0.1203125
2 0.565625 0.88046875 0.0796875 0.1375
3 0.415625 0.4640625 0.0765625 0.1203125
5 0.2875 0.6328125 0.096875 0.1328125
5 0.3984375 0.6546875 0.0859375 0.125
0 0.62265625 0.5703125 0.071875 0.1109375
1 0.44140625 0.26484375 0.08125 0.125
8 0.40078125 0.90390625 0.0765625 0.1265625
12 0.21484375 0.86953125 0.084375 0.13125
6 0.634375 0.3765625 0.0703125 0.109375
7 0.32265625 0.240625 0.08125 0.125
10 0.59453125 0.74296875 0.0734375 0.115625
9 0.2563708734375 0.12412892812500001 0.193882640625 0.73384974375 0.44624827187499994 0.7794644328125 0.5197972875 0.154635771875 0.2563708734375 0.12412892812500001