5 0.48671875 0.46875 0.1171875 0.05625
4 0.65859375 0.63515625 0.09609375 0.05546875
2 0.8328125 0.45859375 0.09375 0.05390625
5 0.3296875 0.475 0.11484375 0.05546875
4 0.49609375 0.63828125 0.0859375 0.0515625
5 0.64140625 0.4625 0.109375 0.05546875
9 0.49609375 0.553125 0.49375 0.28515625
3 0.640625 0.546875 0.09375 0.0515625
3 0.48984375 0.5453125 0.08984375 0.04921875
7 0.88984375 0.64140625 0.09453125 0.0484375
0 0.840625 0.55 0.09296875 0.04765625
12 0.88046875 0.69140625 0.10546875 0.05546875
8 0.8265625 0.39453125 0.0953125 0.05625
7 0.86875 0.59453125 0.10078125 0.053125
10 0.328125 0.553125 0.1 0.05234375
11 0.34375 0.64609375 0.0890625 0.05390625
6 0.8375 0.503125 0.08515625 0.0453125
5 0.6265625 0.44296875 0.03671875 0.0171875