3 0.47890625 0.37890625 0.053125 0.0890625
3 0.56953125 0.37578125 0.0515625 0.0828125
3 0.39140625 0.3921875 0.0546875 0.0921875
5 0.47421875 0.24140625 0.06796875 0.1015625
5 0.384375 0.23984375 0.0625 0.0984375
5 0.56484375 0.24140625 0.0609375 0.09375
9 0.4734375 0.3984375 0.28359375 0.49921875
1 0.390625 0.55234375 0.05390625 0.08984375
2 0.234375 0.103125 0.034375 0.08828125
8 0.353125 0.05078125 0.0515625 0.09921875
11 0.57109375 0.53359375 0.05078125 0.084375
12 0.50703125 0.05234375 0.0546875 0.1046875
0 0.22734375 0.35078125 0.021875 0.08515625
7 0.48515625 0.54453125 0.0515625 0.0875
6 0.23359375 0.50703125 0.034375 0.08359375
10 0.23046875 0.21015625 0.025 0.09453125