1 0.8140625 0.5453125 0.10859375 0.05546875
0 0.840625 0.42734375 0.1140625 0.059375
2 0.55234375 0.29453125 0.13125 0.07109375
12 0.1625 0.28984375 0.140625 0.06875
3 0.53125 0.4046875 0.1125 0.0609375
11 0.1453125 0.496875 0.12421875 0.06015625
4 0.5296875 0.51328125 0.11484375 0.06328125
8 0.3546875 0.29375 0.12421875 0.06875
7 0.32734375 0.50390625 0.11640625 0.0609375
10 0.15703125 0.3875 0.11328125 0.0609375
6 0.34296875 0.3890625 0.103125 0.05859375
9 0.037825 0.5536904203125 0.6305562499999999 0.5910607484375 0.6716791671875 0.2348492984375 0.0881104171875 0.2332967296875 0.037825 0.5536904203125