4 0.55859375 0.66875 0.128125 0.0921875
4 0.6125 0.446875 0.1359375 0.09375
4 0.5859375 0.56171875 0.13125 0.0890625
9 0.390625 0.51796875 0.709375 0.484375
1 0.65546875 0.2765625 0.1171875 0.08125
0 0.41484375 0.40625 0.1296875 0.0921875
2 0.2140625 0.3546875 0.1421875 0.103125
11 0.20546875 0.19453125 0.15625 0.1109375
12 0.16171875 0.59140625 0.1484375 0.1109375
10 0.3484375 0.634375 0.1296875 0.09375
8 0.18984375 0.47109375 0.14375 0.10625
6 0.371875 0.5125 0.125 0.0875
7 0.45390625 0.24375 0.153125 0.10625