3 0.41796875 0.5296875 0.1140625 0.0765625
3 0.24921875 0.49765625 0.1171875 0.0796875
4 0.39453125 0.63203125 0.1078125 0.0765625
4 0.2140625 0.59375 0.11875 0.0828125
9 0.4046875 0.5359375 0.5984375 0.4203125
5 0.61015625 0.48671875 0.1328125 0.0828125
5 0.4359375 0.44375 0.1421875 0.0921875
5 0.26484375 0.40234375 0.1296875 0.0859375
10 0.59375 0.57109375 0.1109375 0.075
0 0.0390625 0.4578125 0.078125 0.06875
2 0.059375 0.3625 0.0890625 0.065625
6 0.04765625 0.4078125 0.0859375 0.06875
8 0.07890625 0.2875 0.1 0.0859375
7 0.0234375 0.5109375 0.046875 0.06875
12 0.009375 0.6125 0.01875 0.0625
11 0.5625 0.6703125 0.1078125 0.0765625