4 0.61640625 0.35390625 0.075 0.115625
4 0.71171875 0.32734375 0.0765625 0.1109375
4 0.5125 0.38671875 0.078125 0.1203125
5 0.678125 0.70546875 0.0921875 0.128125
5 0.7765625 0.66640625 0.078125 0.1109375
5 0.57890625 0.74375 0.08125 0.11875
1 0.31953125 0.521875 0.0875 0.134375
2 0.43828125 0.9609375 0.0765625 0.078125
7 0.38671875 0.82265625 0.0859375 0.1359375
9 0.628125 0.5328125 0.3984375 0.6796875
12 0.76171875 0.909375 0.0828125 0.1234375
8 0.59296875 0.9578125 0.0671875 0.071875
0 0.55390625 0.56875 0.071875 0.10625
10 0.75546875 0.50546875 0.0734375 0.1046875
11 0.3546875 0.378125 0.35625 0.38125 0.3625 0.384375 0.371875 0.4109375 0.378125 0.4234375 0.38125 0.425 0.3828125 0.4328125 0.3859375 0.4390625 0.3890625 0.440625 0.390625 0.446875 0.390625 0.45625 0.3828125 0.4671875 0.3828125 0.4703125 0.3796875 0.471875 0.3796875 0.475 0.375 0.4765625 0.3625 0.4953125 0.353125 0.496875 0.3453125 0.4890625 0.3421875 0.475 0.3375 0.471875 0.3359375 0.4625 0.33125 0.459375 0.3296875 0.4515625 0.321875 0.4390625 0.3203125 0.425 0.3265625 0.4171875 0.3265625 0.4140625 0.33125 0.4109375 0.3359375 0.4 0.340625 0.3984375 0.34375 0.390625 0.3546875 0.3796875
6 0.6578125 0.496875 0.6765625 0.5171875 0.6765625 0.5234375 0.68125 0.528125 0.68125 0.5359375 0.684375 0.5375 0.684375 0.55625 0.6828125 0.5578125 0.684375 0.5609375 0.6796875 0.58125 0.675 0.5875 0.6578125 0.5921875 0.65 0.590625 0.6375 0.5796875 0.63125 0.5703125 0.6265625 0.5515625 0.628125 0.54375 0.6265625 0.5296875 0.6296875 0.525 0.628125 0.5171875 0.640625 0.5 0.65625 0.496875