9 0.559375 0.2671875 0.35 0.534375
3 0.46796875 0.22265625 0.065625 0.109375
5 0.5578125 0.046875 0.08125 0.09375
5 0.453125 0.0484375 0.0703125 0.0953125
3 0.56796875 0.20078125 0.059375 0.103125
5 0.6640625 0.0421875 0.071875 0.084375
3 0.675 0.19375 0.0640625 0.10625
0 0.2484375 0.1828125 0.065625 0.1140625
1 0.4765625 0.41640625 0.065625 0.1109375
11 0.6875 0.38046875 0.0734375 0.1140625
7 0.5890625 0.39921875 0.06875 0.1078125
6 0.27265625 0.3703125 0.0609375 0.103125
10 0.24453125 0.0296875 0.05625 0.05