4 0.62109375 0.2875 0.0859375 0.1328125
3 0.4734375 0.478125 0.084375 0.125
4 0.6 0.484375 0.0890625 0.1265625
3 0.45234375 0.684375 0.0890625 0.1375
3 0.50390625 0.2671875 0.0828125 0.1296875
4 0.57109375 0.7046875 0.09375 0.140625
9 0.48515625 0.4875 0.478125 0.7171875
0 0.37890625 0.959375 0.0671875 0.059375
12 0.434375 0.2015625 0.4375 0.2046875 0.4375 0.2203125 0.4171875 0.3390625 0.4109375 0.3390625 0.40625 0.3359375 0.40625 0.3328125 0.3953125 0.3203125 0.3953125 0.3171875 0.390625 0.3140625 0.38125 0.2953125 0.3734375 0.2890625 0.3703125 0.28125 0.365625 0.278125 0.3625 0.2671875 0.359375 0.2640625 0.3609375 0.2625 0.359375 0.2546875 0.3609375 0.25 0.3671875 0.24375 0.3703125 0.24375 0.3734375 0.2390625 0.3921875 0.2265625 0.3984375 0.21875 0.4046875 0.2171875 0.4171875 0.20625 0.4203125 0.20625 0.421875 0.203125 0.4328125 0.2015625
8 0.36875 0.428125 0.371875 0.428125 0.3828125 0.41875 0.3921875 0.415625 0.4015625 0.4078125 0.40625 0.4078125 0.409375 0.4125 0.4078125 0.41875 0.409375 0.4265625 0.4046875 0.4484375 0.4046875 0.4671875 0.4015625 0.46875 0.403125 0.4765625 0.4 0.4875 0.4 0.496875 0.396875 0.5125 0.39375 0.5171875 0.3921875 0.5359375 0.3890625 0.54375 0.3859375 0.546875 0.3765625 0.5453125 0.378125 0.54375 0.3734375 0.540625 0.3734375 0.5359375 0.365625 0.53125 0.3609375 0.521875 0.3484375 0.509375 0.3453125 0.5 0.3390625 0.4953125 0.3359375 0.4859375 0.33125 0.4828125 0.3265625 0.4703125 0.3265625 0.4640625 0.3328125 0.4578125 0.3328125 0.4546875 0.3390625 0.4515625 0.340625 0.453125 0.34375 0.4484375 0.353125 0.44375 0.3546875 0.4390625 0.36875 0.4296875
2 0.365625 0.6203125 0.371875 0.625 0.371875 0.634375 0.3671875 0.6546875 0.353125 0.7515625 0.3453125 0.753125 0.334375 0.746875 0.33125 0.7390625 0.3265625 0.7359375 0.3265625 0.73125 0.315625 0.7203125 0.315625 0.715625 0.3046875 0.7046875 0.3 0.6953125 0.29375 0.690625 0.2921875 0.6796875 0.29375 0.675 0.303125 0.66875 0.309375 0.6625 0.3109375 0.6578125 0.3140625 0.6578125 0.315625 0.6546875 0.321875 0.6515625 0.3234375 0.653125 0.3359375 0.6421875 0.3390625 0.6421875 0.34375 0.634375 0.353125 0.63125 0.3640625 0.621875