9 0.584375 0.521875 0.50625 0.34375
3 0.71484375 0.49609375 0.096875 0.0640625
5 0.60234375 0.6 0.11875 0.0734375
2 0.9640625 0.521875 0.071875 0.0625
4 0.6984375 0.4171875 0.09375 0.0640625
5 0.7390625 0.5703125 0.109375 0.06875
0 0.9328125 0.4375 0.09375 0.059375
12 0.4609375 0.63515625 0.10625 0.0703125
1 0.89921875 0.353125 0.1 0.0625
10 0.43828125 0.56484375 0.090625 0.0625
8 0.95703125 0.58203125 0.0859375 0.0703125
6 0.58046875 0.534375 0.0875 0.0609375
7 0.55234375 0.4515625 0.0890625 0.0609375
11 0.41953125 0.48359375 0.090625 0.0609375