3 0.421875 0.47578125 0.125 0.078125
4 0.6015625 0.6046875 0.1109375 0.075
3 0.603125 0.49375 0.115625 0.071875
4 0.40390625 0.58125 0.125 0.08125
2 0.11015625 0.3265625 0.1265625 0.0828125
9 0.59765625 0.5046875 0.6296875 0.4140625
0 0.11640625 0.44921875 0.121875 0.0734375
5 0.61015625 0.4 0.15 0.0859375
1 0.1109375 0.571875 0.1296875 0.0796875
5 0.4234375 0.37265625 0.134375 0.0796875
12 0.80390625 0.425 0.146875 0.0859375
8 0.15546875 0.2546875 0.1296875 0.0859375
11 0.78828125 0.6265625 0.1296875 0.0734375
7 0.053125 0.49765625 0.10625 0.0796875
6 0.140625 0.38984375 0.1140625 0.071875
10 0.79609375 0.51796875 0.11875 0.075