9 0.52890625 0.50234375 0.303125 0.540625
4 0.43515625 0.65625 0.0578125 0.103125
5 0.621875 0.675 0.05625 0.10625
4 0.4421875 0.48203125 0.05625 0.09375
4 0.45078125 0.32578125 0.053125 0.096875
5 0.625 0.50859375 0.059375 0.121875
5 0.62734375 0.33984375 0.05625 0.115625
12 0.74140625 0.4484375 0.059375 0.103125
6 0.54375 0.4953125 0.05625 0.0953125
0 0.53046875 0.6609375 0.053125 0.0953125
11 0.4265625 0.9296875 0.0625 0.1171875
10 0.54765625 0.3203125 0.053125 0.1
8 0.7375 0.73671875 0.059375 0.096875