4 0.421875 0.44765625 0.0875 0.1375
4 0.44765625 0.22109375 0.08125 0.1265625
3 0.55 0.45625 0.0828125 0.134375
3 0.57578125 0.25234375 0.0796875 0.1265625
4 0.46875 0.04453125 0.06875 0.0890625
1 0.4234375 0.92421875 0.103125 0.1484375
3 0.59140625 0.0546875 0.075 0.0984375
0 0.55546875 0.81015625 0.08125 0.13125
11 0.38359375 0.81015625 0.0921875 0.1640625
2 0.68203125 0.475 0.0921875 0.153125
7 0.48515625 0.77265625 0.103125 0.1796875
12 0.70703125 0.0734375 0.0859375 0.121875
8 0.69375 0.26171875 0.090625 0.1609375
9 0.3995385484375 0 0.3290143390625 0.558857684375 0.7451421328125 0.6287304984375 0.77194556875 0.0177953375 0.512048071875 0 0.3995385484375 0
6 0.5890625 0.8765625 0.603125 0.878125 0.6046875 0.88125 0.6109375 0.8828125 0.6203125 0.89375 0.6265625 0.9078125 0.6296875 0.9265625 0.628125 0.93125 0.6296875 0.953125 0.6265625 0.971875 0.621875 0.9796875 0.61875 0.9921875 0.6125 0.9984375 0.575 0.9984375 0.5734375 0.996875 0.5625 0.978125 0.5609375 0.9671875 0.5625 0.9484375 0.559375 0.928125 0.5625 0.9203125 0.5625 0.9109375 0.5671875 0.903125 0.56875 0.89375 0.5796875 0.88125 0.5890625 0.878125
10 0.53125 0.8890625 0.546875 0.8984375 0.55625 0.9171875 0.5578125 0.928125 0.55625 0.93125 0.559375 0.9375 0.5578125 0.9515625 0.559375 0.959375 0.55625 0.984375 0.55 0.9984375 0.49375 0.9984375 0.4875 0.9734375 0.4890625 0.9703125 0.4875 0.959375 0.4890625 0.953125 0.4875 0.9515625 0.490625 0.946875 0.490625 0.9359375 0.5015625 0.90625 0.51875 0.890625 0.5296875 0.8890625