3 0.4390625 0.309375 0.1453125 0.084375
5 0.23125 0.453125 0.153125 0.0953125
3 0.475 0.4421875 0.1484375 0.0859375
5 0.221875 0.3140625 0.16875 0.109375
4 0.725 0.44296875 0.1546875 0.0875
2 0.2515625 0.6875 0.1671875 0.090625
0 0.5359375 0.6703125 0.1328125 0.0828125
1 0.81015625 0.65390625 0.1453125 0.0828125
6 0.38515625 0.66015625 0.134375 0.0796875
7 0.70703125 0.29296875 0.153125 0.1015625
8 0.07421875 0.6640625 0.1484375 0.090625
9 0.8899989828124999 0.5158505640625 0.835392453125 0.23499452812500002 0.0648878703125 0.204245621875 0.084899346875 0.5338433921875 0.8899989828124999 0.5158505640625