3 0.63828125 0.27578125 0.0609375 0.10625
3 0.534375 0.296875 0.06640625 0.11328125
5 0.73828125 0.10234375 0.07421875 0.115625
5 0.6296875 0.10625 0.08046875 0.125
5 0.52265625 0.109375 0.0703125 0.11640625
3 0.746875 0.26640625 0.06328125 0.103125
0 0.31484375 0.2515625 0.0609375 0.10859375
1 0.54140625 0.4890625 0.065625 0.1078125
7 0.65234375 0.47734375 0.071875 0.109375
6 0.33671875 0.440625 0.0578125 0.09921875
10 0.31328125 0.078125 0.0625 0.1171875
11 0.75078125 0.4609375 0.06796875 0.10234375
9 0.7822252359374999 0.57204375 0.780637971875 0.0040145828125 0.458851415625 0.0043270828125 0.48529599062499995 0.6155229171875 0.7822252359374999 0.57204375