3 0.28359375 0.5875 0.06796875 0.11796875
3 0.39453125 0.58125 0.065625 0.11328125
4 0.40234375 0.3765625 0.065625 0.11953125
4 0.28359375 0.37109375 0.059375 0.11328125
0 0.56484375 0.65078125 0.059375 0.11171875
9 0.34140625 0.58125 0.246875 0.6640625
7 0.55703125 0.53671875 0.078125 0.140625
6 0.6234375 0.73046875 0.0640625 0.11328125
0 0.63515625 0.62578125 0.06484375 0.1140625
8 0.27734375 0.784375 0.08203125 0.12890625
2 0.396875 0.734375 0.4234375 0.7375 0.425 0.740625 0.4296875 0.7421875 0.4296875 0.753125 0.421875 0.771875 0.421875 0.778125 0.4125 0.8 0.4125 0.8046875 0.403125 0.8234375 0.403125 0.828125 0.3859375 0.8609375 0.38125 0.859375 0.3796875 0.8484375 0.375 0.840625 0.375 0.8296875 0.3703125 0.8203125 0.3703125 0.8125 0.365625 0.8015625 0.365625 0.7921875 0.3625 0.7859375 0.3609375 0.7734375 0.35625 0.7640625 0.35625 0.7421875 0.3625 0.7296875 0.3765625 0.7296875 0.3875 0.73125 0.3890625 0.734375 0.3953125 0.734375
1 0.64375 0.3984375 0.6765625 0.475 0.6765625 0.4890625 0.6546875 0.5125 0.6453125 0.5265625 0.634375 0.5359375 0.6296875 0.5359375 0.6265625 0.5328125 0.625 0.525 0.6203125 0.5203125 0.6203125 0.5125 0.6140625 0.5015625 0.609375 0.4859375 0.60625 0.4828125 0.60625 0.475 0.603125 0.471875 0.5984375 0.4546875 0.6015625 0.44375 0.61875 0.4265625 0.621875 0.41875 0.6421875 0.4
11 0.56875 0.325 0.5734375 0.325 0.5921875 0.3421875 0.5953125 0.3421875 0.61875 0.365625 0.61875 0.3765625 0.6140625 0.3875 0.6140625 0.3953125 0.609375 0.4046875 0.6 0.446875 0.5953125 0.453125 0.5921875 0.453125 0.578125 0.4453125 0.5703125 0.4359375 0.5625 0.4328125 0.5546875 0.4234375 0.5484375 0.4203125 0.5453125 0.4109375 0.5484375 0.3921875 0.553125 0.3828125 0.553125 0.375 0.5578125 0.365625 0.559375 0.35 0.5625 0.346875 0.5625 0.340625 0.56875 0.3265625