5 0.696875 0.40078125 0.13984375 0.0640625
5 0.30625 0.3859375 0.13359375 0.0671875
5 0.50234375 0.39296875 0.14765625 0.06953125
9 0.4875 0.49609375 0.60625 0.34453125
0 0.3046875 0.4921875 0.1203125 0.06328125
12 0.59375 0.259375 0.12265625 0.06953125
11 0.6875 0.60703125 0.11796875 0.06328125
1 0.29296875 0.60390625 0.11796875 0.065625
6 0.50078125 0.4890625 0.1234375 0.0671875
8 0.2578125 0.2453125 0.11875 0.06796875
10 0.70234375 0.496875 0.1203125 0.0609375
7 0.49765625 0.60703125 0.11015625 0.0640625