4 0.54921875 0.54921875 0.0875 0.059375
5 0.290625 0.60390625 0.0890625 0.0671875
5 0.2734375 0.52890625 0.103125 0.0765625
0 0.45859375 0.68515625 0.08125 0.059375
2 0.3125 0.72734375 0.0921875 0.065625
9 0.4015625 0.50078125 0.46875 0.3140625
3 0.41640625 0.5734375 0.084375 0.0578125
1 0.603125 0.6515625 0.0828125 0.059375
7 0.52890625 0.47109375 0.084375 0.0578125
12 0.25546875 0.45390625 0.0953125 0.06875
6 0.37421875 0.4265625 0.084375 0.059375
11 0.5109375 0.40078125 0.0828125 0.059375
8 0.2140625 0.72890625 0.09375 0.0625
6 0.38828125 0.50234375 0.0796875 0.053125