3 0.46328125 0.57109375 0.125 0.0828125
4 0.44375 0.46484375 0.121875 0.084375
0 0.7609375 0.49140625 0.11875 0.0796875
1 0.721875 0.37890625 0.121875 0.08125
7 0.2421875 0.5109375 0.128125 0.0828125
2 0.4953125 0.67734375 0.140625 0.0921875
12 0.11328125 0.75546875 0.146875 0.09375
6 0.27421875 0.62265625 0.1109375 0.075
10 0.0875 0.6609375 0.125 0.084375
11 0.06328125 0.553125 0.1265625 0.084375
8 0.30390625 0.7140625 0.1453125 0.09375
9 0 0.52243775 0.06130636874999999 0.8243021562499999 0.625785159375 0.704318484375 0.524607240625 0.3731970296875 0 0.50032306875 0 0.52243775