5 0.715625 0.38671875 0.1328125 0.065625
5 0.51875 0.39296875 0.146875 0.06953125
5 0.3234375 0.4 0.13671875 0.0640625
9 0.528125 0.49609375 0.6078125 0.34453125
8 0.7625 0.24453125 0.12265625 0.071875
10 0.31875 0.49765625 0.115625 0.06015625
1 0.728125 0.60234375 0.11640625 0.06484375
12 0.42421875 0.2609375 0.11953125 0.06953125
11 0.33203125 0.60859375 0.115625 0.0625
0 0.71328125 0.49140625 0.11796875 0.06171875
7 0.52109375 0.60703125 0.1078125 0.0625
6 0.51796875 0.48984375 0.10546875 0.0578125