3 0.41484375 0.49921875 0.1328125 0.0859375
4 0.38359375 0.6078125 0.128125 0.0859375
2 0.10234375 0.3296875 0.140625 0.0875
9 0.59140625 0.5375 0.6625 0.440625
0 0.10703125 0.45625 0.1265625 0.078125
1 0.090625 0.5765625 0.1359375 0.0859375
10 0.80234375 0.565625 0.13125 0.084375
12 0.81796875 0.4671875 0.1484375 0.090625
5 0.42578125 0.39453125 0.1390625 0.0859375
11 0.7796875 0.678125 0.134375 0.08125
7 0.590625 0.64375 0.125 0.0828125
6 0.60703125 0.52578125 0.1171875 0.0765625
8 0.621875 0.43125 0.14375 0.0921875