3 0.4796875 0.5515625 0.05078125 0.090625
5 0.4 0.54375 0.059375 0.11875
5 0.40390625 0.38359375 0.05234375 0.09921875
3 0.4890625 0.3984375 0.05234375 0.0953125
5 0.39765625 0.709375 0.0546875 0.11484375
3 0.47734375 0.71640625 0.05 0.10078125
2 0.32421875 0.1078125 0.059375 0.10390625
9 0.4875 0.55 0.28671875 0.5140625
0 0.4671875 0.09453125 0.0484375 0.0953125
12 0.2875 0.603125 0.05546875 0.1
1 0.5796875 0.39921875 0.05234375 0.09453125
10 0.3875 0.096875 0.0484375 0.0921875
11 0.56875 0.721875 0.0515625 0.09921875
2 0.2921875 0.3296875 0.05703125 0.0953125
6 0.55234375 0.121875 0.0453125 0.0890625
7 0.57578125 0.56484375 0.053125 0.09296875