5 0.36796875 0.4203125 0.121875 0.09375
9 0.53984375 0.5109375 0.6671875 0.4328125
5 0.36484375 0.53046875 0.1328125 0.0984375
5 0.3625 0.63828125 0.1234375 0.0875
11 0.7265625 0.37578125 0.11875 0.0796875
0 0.54375 0.6109375 0.1125 0.078125
12 0.12890625 0.5125 0.1296875 0.0859375
7 0.7359375 0.48046875 0.1265625 0.0796875
1 0.73671875 0.5921875 0.125 0.0828125
6 0.52890625 0.50625 0.1140625 0.075
8 0.12109375 0.696875 0.134375 0.084375
10 0.5328125 0.3953125 0.109375 0.075
1 0.19296875 0.8203125 0.075 0.034375