3 0.696875 0.50859375 0.084375 0.121875
2 0.33828125 0.85078125 0.0859375 0.140625
3 0.590625 0.4875 0.08125 0.1234375
5 0.67109375 0.68359375 0.103125 0.1359375
5 0.55859375 0.67578125 0.090625 0.128125
0 0.36328125 0.5359375 0.078125 0.1140625
1 0.6171875 0.2875 0.0859375 0.128125
8 0.49140625 0.915625 0.0828125 0.128125
12 0.68046875 0.93125 0.090625 0.134375
6 0.4015625 0.34609375 0.075 0.1125
7 0.73828125 0.2953125 0.0859375 0.1265625
10 0.3453125 0.71015625 0.0796875 0.11875
9 0.735161896875 0.805110509375 0.8326102578125001 0.1999922828125 0.570264128125 0.1612798578125 0.47958946406249997 0.783853884375 0.735161896875 0.805110509375