3 0.58125 0.509375 0.103125 0.0640625
3 0.58046875 0.59921875 0.1046875 0.065625
2 0.396875 0.728125 0.1046875 0.06875
0 0.58359375 0.74375 0.0921875 0.0640625
9 0.5984375 0.51328125 0.5421875 0.3390625
5 0.4390625 0.49296875 0.1140625 0.0828125
4 0.74453125 0.62265625 0.1046875 0.065625
5 0.42421875 0.58359375 0.1015625 0.06875
1 0.7625 0.7609375 0.1015625 0.0703125
12 0.453125 0.403125 0.1015625 0.0734375
6 0.4890625 0.72265625 0.090625 0.0609375
8 0.28359375 0.69609375 0.1125 0.0734375
7 0.7546875 0.52734375 0.103125 0.065625
11 0.7640625 0.4421875 0.1046875 0.0671875
10 0.596875 0.41796875 0.0953125 0.0625