5 0.48359375 0.36484375 0.140625 0.090625
5 0.46171875 0.63203125 0.14765625 0.08984375
5 0.471875 0.49609375 0.1515625 0.096875
12 0.18203125 0.4359375 0.14375 0.08359375
1 0.9390625 0.63671875 0.121875 0.0796875
11 0.9328125 0.36328125 0.134375 0.0875
7 0.9359375 0.4921875 0.128125 0.078125
8 0.15 0.6703125 0.15078125 0.08203125
10 0.69765625 0.36015625 0.128125 0.07578125
0 0.70390625 0.6296875 0.140625 0.07890625
6 0.7328125 0.4703125 0.746875 0.484375 0.7453125 0.503125 0.7421875 0.5046875 0.7390625 0.5125 0.7359375 0.5125 0.7328125 0.5171875 0.7234375 0.521875 0.71875 0.521875 0.715625 0.525 0.6984375 0.5296875 0.696875 0.528125 0.6953125 0.5296875 0.6828125 0.528125 0.66875 0.5296875 0.6640625 0.5265625 0.65625 0.5265625 0.6515625 0.521875 0.646875 0.521875 0.6375 0.5171875 0.634375 0.5125 0.63125 0.5125 0.628125 0.5046875 0.6234375 0.5015625 0.621875 0.4921875 0.625 0.48125 0.634375 0.4734375 0.6390625 0.4734375 0.6421875 0.46875 0.66875 0.459375 0.7046875 0.459375 0.715625 0.4640625 0.721875 0.4640625 0.73125 0.4703125
9 0.3037416671875 0.7135233640624999 0.9979166671874999 0.7277126171875 0.99546875 0.3048446265625 0.3463145828125 0.3005665890625 0.3037416671875 0.7135233640624999