3 0.56015625 0.70234375 0.071875 0.12265625
3 0.56875 0.91015625 0.07109375 0.121875
4 0.4359375 0.69765625 0.0765625 0.12578125
4 0.43828125 0.91953125 0.06953125 0.11640625
0 0.59375 0.37734375 0.06640625 0.115625
11 0.434375 0.35625 0.07890625 0.146875
2 0.68828125 0.70234375 0.08125 0.14296875
9 0.553125 0.78515625 0.39296875 0.4296875
7 0.52421875 0.396875 0.08515625 0.15234375
8 0.6546875 0.8484375 0.6546875 0.853125 0.671875 0.86875 0.671875 0.871875 0.678125 0.878125 0.684375 0.88125 0.690625 0.890625 0.696875 0.89375 0.696875 0.896875 0.7015625 0.9 0.7015625 0.9046875 0.7109375 0.9109375 0.7109375 0.915625 0.71875 0.9296875 0.71875 0.9359375 0.715625 0.9421875 0.7 0.9578125 0.69375 0.9609375 0.6921875 0.965625 0.6890625 0.965625 0.665625 0.9890625 0.6625 0.990625 0.65625 0.9890625 0.65 0.965625 0.65 0.9484375 0.6484375 0.946875 0.6484375 0.93125 0.653125 0.928125 0.65 0.9234375 0.6515625 0.909375 0.6484375 0.8921875 0.65 0.8859375 0.6484375 0.8625 0.653125 0.859375 0.6515625 0.8546875 0.6546875 0.853125 0.6546875 0.85
6 0.64375 0.2 0.6484375 0.2 0.6625 0.2125 0.671875 0.234375 0.6734375 0.246875 0.671875 0.2859375 0.6625 0.303125 0.6625 0.3078125 0.65625 0.3140625 0.65 0.3171875 0.640625 0.3171875 0.6390625 0.3203125 0.6359375 0.3203125 0.634375 0.3171875 0.625 0.315625 0.6171875 0.3078125 0.6109375 0.2953125 0.6109375 0.2859375 0.6078125 0.278125 0.6109375 0.2359375 0.615625 0.228125 0.615625 0.2234375 0.625 0.209375 0.628125 0.209375 0.6296875 0.20625 0.6359375 0.203125 0.64375 0.2015625
10 0.571875 0.18125 0.5765625 0.18125 0.578125 0.184375 0.584375 0.184375 0.596875 0.19375 0.603125 0.2046875 0.609375 0.2296875 0.609375 0.2484375 0.6046875 0.2734375 0.59375 0.2953125 0.5859375 0.303125 0.58125 0.3046875 0.5734375 0.3046875 0.5671875 0.2984375 0.5625 0.296875 0.5625 0.29375 0.5578125 0.290625 0.5484375 0.271875 0.54375 0.2546875 0.54375 0.228125 0.5453125 0.21875 0.5484375 0.2140625 0.5484375 0.20625 0.5546875 0.19375 0.5609375 0.1875 0.571875 0.1828125
1 0.4890625 0.171875 0.4921875 0.1734375 0.5046875 0.203125 0.5046875 0.2078125 0.509375 0.2125 0.509375 0.2171875 0.5140625 0.225 0.521875 0.253125 0.521875 0.2609375 0.5140625 0.2765625 0.509375 0.2796875 0.509375 0.2828125 0.503125 0.2875 0.49375 0.3015625 0.4890625 0.3046875 0.4890625 0.3078125 0.4765625 0.3203125 0.471875 0.3203125 0.4703125 0.3171875 0.4671875 0.3171875 0.4625 0.309375 0.453125 0.2796875 0.4484375 0.2734375 0.4484375 0.2671875 0.4390625 0.2515625 0.4375 0.2375 0.453125 0.215625 0.453125 0.2125 0.4625 0.203125 0.4625 0.2 0.4671875 0.1953125 0.46875 0.1875 0.4828125 0.1734375 0.4875 0.171875