4 0.46015625 0.490625 0.1171875 0.0703125
3 0.83984375 0.5734375 0.1109375 0.0625
3 0.4703125 0.5953125 0.115625 0.065625
3 0.65 0.58828125 0.1078125 0.0640625
4 0.65625 0.47890625 0.1046875 0.065625
9 0.646875 0.57734375 0.6109375 0.3703125
5 0.834375 0.665625 0.128125 0.0671875
5 0.46171875 0.696875 0.1265625 0.06875
12 0.18046875 0.42578125 0.1296875 0.071875
5 0.65 0.6796875 0.1375 0.0734375
1 0.165625 0.48984375 0.1171875 0.0671875
0 0.2171875 0.6015625 0.1109375 0.065625
2 0.22265625 0.7109375 0.10625 0.0734375
7 0.1875 0.54453125 0.1171875 0.071875
10 0.125 0.646875 0.11875 0.071875
8 0.22421875 0.78359375 0.115625 0.084375
6 0.22265625 0.65625 0.1078125 0.0640625
11 0.84609375 0.47109375 0.121875 0.0640625