4 0.3328125 0.63359375 0.165625 0.09375
5 0.86171875 0.603125 0.165625 0.10625
2 0.8484375 0.42109375 0.184375 0.090625
3 0.60234375 0.62578125 0.1609375 0.0953125
0 0.5640625 0.43046875 0.14375 0.0859375
5 0.85546875 0.73125 0.1640625 0.06875
1 0.271875 0.40859375 0.15625 0.0921875
4 0.3375 0.76875 0.1515625 0.046875
12 0.11796875 0.42890625 0.184375 0.1046875
3 0.62265625 0.75 0.1546875 0.0546875
6 0.7078125 0.42421875 0.1453125 0.0859375
7 0.4203125 0.41640625 0.15625 0.09375
8 0.96640625 0.41328125 0.05625 0.084375
9 1 0.61568241875 0.99441440625 0.509102946875 0.195938375 0.5538364359375 0.2006875734375 0.79182174375 1 0.7485004140625 1 0.61568241875