4 0.30625 0.65546875 0.0828125 0.1234375
4 0.41796875 0.6515625 0.0828125 0.13125
4 0.5390625 0.6453125 0.0890625 0.1375
5 0.253125 0.27109375 0.096875 0.13125
5 0.48203125 0.2328125 0.0953125 0.1328125
5 0.36796875 0.2546875 0.1078125 0.14375
9 0.4 0.459375 0.4640625 0.7109375
2 0.665625 0.0453125 0.09375 0.090625
11 0.72734375 0.6265625 0.1 0.1453125
7 0.70625 0.19765625 0.090625 0.1625
1 0.7640625 0.5484375 0.0859375 0.1609375
0 0.50625 0.4375 0.0859375 0.125
10 0.26953125 0.44921875 0.0875 0.125
6 0.38828125 0.43203125 0.0921875 0.13125
12 0.29609375 0.05546875 0.0828125 0.06875
8 0.4890625 0.0265625 0.075 0.053125