5 0.38125 0.384375 0.12109375 0.08359375
5 0.37265625 0.61953125 0.125 0.078125
5 0.37421875 0.50078125 0.13125 0.08671875
11 0.778125 0.3765625 0.11875 0.07109375
1 0.7921875 0.61875 0.12734375 0.06953125
3 0.57421875 0.61171875 0.1234375 0.07109375
9 0.58203125 0.503125 0.659375 0.36015625
7 0.7875 0.49375 0.1234375 0.0671875
12 0.12109375 0.453125 0.13046875 0.07421875
10 0.56328125 0.37734375 0.10859375 0.065625
8 0.11015625 0.653125 0.1328125 0.07109375
6 0.559375 0.4984375 0.12734375 0.06953125