3 0.45390625 0.5578125 0.103125 0.059375
9 0.44453125 0.4625 0.56875 0.325
1 0.23828125 0.7140625 0.1078125 0.0671875
11 0.2796875 0.36640625 0.1046875 0.065625
4 0.27578125 0.5671875 0.109375 0.0625
0 0.434375 0.7125 0.0953125 0.0625
5 0.625 0.55859375 0.103125 0.065625
12 0.62421875 0.35859375 0.1078125 0.0734375
2 0.6328125 0.71953125 0.1015625 0.0671875
10 0.46640625 0.359375 0.103125 0.0625
7 0.27734375 0.46328125 0.1078125 0.0625
6 0.4703125 0.4609375 0.1015625 0.059375
8 0.6265625 0.4609375 0.109375 0.071875