5 0.34765625 0.38671875 0.1765625 0.0890625
5 0.6125 0.39609375 0.19296875 0.0921875
5 0.8609375 0.40703125 0.16796875 0.08046875
9 0.58046875 0.54140625 0.796875 0.47421875
12 0.72421875 0.221875 0.16484375 0.09609375
11 0.87109375 0.68203125 0.17578125 0.08515625
7 0.62265625 0.68828125 0.15859375 0.0890625
1 0.346875 0.69140625 0.153125 0.0859375
10 0.875 0.53203125 0.16484375 0.08203125
8 0.2765625 0.196875 0.15234375 0.0921875
0 0.35703125 0.5328125 0.1515625 0.0828125
6 0.61796875 0.52890625 0.1609375 0.08671875