3 0.4328125 0.31171875 0.14296875 0.07890625
5 0.2296875 0.4625 0.15078125 0.090625
3 0.47265625 0.44296875 0.1453125 0.08046875
5 0.215625 0.32421875 0.16484375 0.10390625
4 0.72265625 0.43515625 0.15234375 0.0828125
2 0.25859375 0.69609375 0.16484375 0.084375
0 0.5421875 0.66875 0.13046875 0.078125
1 0.815625 0.64296875 0.14296875 0.07734375
6 0.390625 0.6640625 0.13125 0.075
7 0.7 0.2859375 0.14921875 0.09609375
8 0.07734375 0.6796875 0.15390625 0.08515625
9 0.05483125 0.21961098125 0.0863333328125 0.5483095796875 0.8903145828125 0.502230140625 0.8259395828124999 0.22345093437500002 0.05483125 0.21961098125