3 0.55 0.6125 0.0734375 0.1
3 0.4625 0.6375 0.0703125 0.0921875
3 0.63125 0.578125 0.075 0.103125
5 0.5875 0.74453125 0.090625 0.115625
5 0.675 0.72421875 0.084375 0.1109375
5 0.5 0.76640625 0.08125 0.10625
9 0.55 0.5921875 0.3953125 0.553125
1 0.59375 0.42265625 0.0734375 0.1
2 0.85390625 0.82109375 0.0546875 0.09375
8 0.7515625 0.9 0.0734375 0.109375
11 0.42265625 0.484375 0.0703125 0.09375
12 0.6015625 0.9359375 0.078125 0.1140625
0 0.80078125 0.57890625 0.0421875 0.0875
7 0.50390625 0.453125 0.071875 0.096875
6 0.75703125 0.42890625 0.053125 0.0890625
10 0.83203125 0.71640625 0.046875 0.0984375