9 0.48046875 0.51171875 0.58984375 0.32265625
3 0.6609375 0.5140625 0.11953125 0.0625
4 0.6703125 0.4078125 0.11484375 0.0625
0 0.946875 0.50390625 0.10625 0.05546875
2 0.95625 0.621875 0.084375 0.0609375
5 0.66953125 0.6171875 0.1296875 0.065625
1 0.94140625 0.3875 0.11640625 0.05703125
5 0.47890625 0.61484375 0.14296875 0.0671875
12 0.28203125 0.61640625 0.13203125 0.06640625
10 0.2828125 0.51796875 0.121875 0.0640625
6 0.47578125 0.52265625 0.11640625 0.0640625
11 0.2859375 0.40859375 0.11171875 0.05859375
7 0.471875 0.40859375 0.10546875 0.05859375
8 0.93515625 0.69609375 0.12578125 0.07109375