5 0.7390625 0.521875 0.16328125 0.08125
5 0.26015625 0.51015625 0.1625 0.07578125
5 0.49296875 0.51640625 0.178125 0.0859375
9 0.51953125 0.384375 0.74375 0.42890625
12 0.3875 0.6796875 0.1515625 0.08125
1 0.74609375 0.24296875 0.13671875 0.084375
11 0.25546875 0.25390625 0.1453125 0.0859375
8 0.80390625 0.69765625 0.15234375 0.0859375
7 0.48515625 0.24921875 0.1296875 0.084375
0 0.73125 0.3875 0.14296875 0.0765625
10 0.24921875 0.38984375 0.13125 0.071875
6 0.490625 0.39609375 0.1296875 0.071875