9 0.55859375 0.49453125 0.28515625 0.50625
3 0.56015625 0.475 0.05078125 0.0875
3 0.6515625 0.4671875 0.05546875 0.0875
3 0.47578125 0.49375 0.05234375 0.08984375
5 0.64453125 0.33203125 0.05859375 0.09375
5 0.55390625 0.34140625 0.0640625 0.10078125
5 0.4671875 0.34765625 0.05625 0.09375
2 0.31328125 0.21953125 0.05234375 0.1
0 0.30625 0.46171875 0.05078125 0.08125
1 0.478125 0.65 0.05234375 0.08828125
12 0.58359375 0.15 0.05390625 0.0984375
11 0.65546875 0.62578125 0.0546875 0.0859375
8 0.4359375 0.16328125 0.05 0.09921875
6 0.3203125 0.61015625 0.04765625 0.08046875
10 0.30625 0.3265625 0.05 0.08515625
7 0.5703125 0.63984375 0.05078125 0.0859375