3 0.48046875 0.59375 0.0796875 0.125
3 0.3671875 0.6 0.08125 0.1265625
4 0.503125 0.38671875 0.0796875 0.1296875
3 0.2484375 0.5921875 0.0828125 0.121875
4 0.38203125 0.3828125 0.078125 0.125
4 0.27265625 0.38359375 0.08125 0.125
1 0.73671875 0.4703125 0.096875 0.1484375
0 0.64921875 0.65390625 0.071875 0.115625
7 0.6484375 0.53828125 0.0984375 0.15
2 0.4671875 0.80390625 0.090625 0.1421875
11 0.684375 0.39453125 0.090625 0.140625
12 0.23125 0.7875 0.0953125 0.14375
9 0.384375 0.5796875 0.41875 0.703125
10 0.721875 0.628125 0.0765625 0.115625
8 0.35078125 0.79140625 0.09375 0.140625
6 0.70390625 0.73359375 0.075 0.115625