5 0.265625 0.471875 0.1171875 0.0765625
9 0.4359375 0.42421875 0.534375 0.38125
4 0.3140625 0.3078125 0.103125 0.0734375
2 0.0375 0.41171875 0.065625 0.059375
0 0.0703125 0.321875 0.0875 0.0640625
3 0.2953125 0.3953125 0.1015625 0.0703125
12 0.5609375 0.5515625 0.1109375 0.0765625
1 0.10078125 0.228125 0.103125 0.0734375
11 0.615625 0.396875 0.0875 0.065625
10 0.58828125 0.4796875 0.096875 0.06875
7 0.471875 0.35546875 0.0984375 0.0703125
6 0.4390625 0.44140625 0.0953125 0.06875
8 0.4125 0.51015625 0.1125 0.0734375