9 0.62265625 0.65625 0.4453125 0.640625
4 0.68515625 0.465625 0.0796875 0.109375
4 0.5890625 0.48203125 0.0796875 0.1140625
5 0.76484375 0.80234375 0.09375 0.1203125
5 0.5625 0.8578125 0.09375 0.125
5 0.66171875 0.8296875 0.1046875 0.134375
4 0.48359375 0.50234375 0.0828125 0.11875
7 0.36328125 0.91875 0.1015625 0.15
1 0.28515625 0.6140625 0.1046875 0.1484375
11 0.32265625 0.5359375 0.096875 0.1328125
0 0.528125 0.68125 0.0828125 0.115625
6 0.63203125 0.6703125 0.084375 0.1171875
10 0.73515625 0.6421875 0.0921875 0.1234375