9 0.44140625 0.5359375 0.5578125 0.3046875
12 0.2859375 0.42421875 0.10859375 0.06796875
11 0.61875 0.4296875 0.09453125 0.0578125
2 0.25625 0.62421875 0.11640625 0.06640625
3 0.43359375 0.621875 0.1015625 0.05859375
7 0.61328125 0.52421875 0.1 0.05703125
4 0.61328125 0.6296875 0.109375 0.05859375
1 0.64296875 0.76796875 0.09453125 0.02578125
8 0.271875 0.525 0.11484375 0.0671875
10 0.43984375 0.42421875 0.0953125 0.05625
6 0.42421875 0.5234375 0.0953125 0.05390625
0 0.44140625 0.76875 0.09296875 0.0234375