3 0.4875 0.50703125 0.1140625 0.0671875
4 0.5015625 0.39296875 0.109375 0.071875
3 0.30078125 0.48671875 0.13125 0.075
4 0.29765625 0.37734375 0.1234375 0.075
5 0.284375 0.59140625 0.140625 0.0765625
5 0.4796875 0.60078125 0.14375 0.0796875
9 0.4765625 0.496875 0.6203125 0.3859375
10 0.6828125 0.51796875 0.11875 0.0703125
12 0.67421875 0.6125 0.1359375 0.0765625
1 0.03828125 0.328125 0.0578125 0.0671875
11 0.6890625 0.4078125 0.11875 0.071875
0 0.02421875 0.45390625 0.046875 0.0578125
8 0.0296875 0.66015625 0.059375 0.0703125
6 0.02890625 0.5203125 0.0578125 0.0625