4 0.675 0.18046875 0.06015625 0.10703125
4 0.6484375 0.51875 0.05625 0.1
5 0.48515625 0.1484375 0.05859375 0.115625
4 0.66171875 0.36015625 0.05859375 0.09609375
5 0.4703125 0.49375 0.05703125 0.115625
5 0.47578125 0.32421875 0.0609375 0.12578125
9 0.57421875 0.33203125 0.315625 0.56328125
6 0.56015625 0.33828125 0.053125 0.096875
12 0.35859375 0.37421875 0.05703125 0.10703125
0 0.578125 0.16640625 0.053125 0.1
10 0.553125 0.5109375 0.05234375 0.09921875
2 0.36953125 0.0828125 0.0609375 0.10859375