9 0.57734375 0.31015625 0.4390625 0.6203125
3 0.69765625 0.2265625 0.084375 0.1171875
3 0.4921875 0.29453125 0.084375 0.11875
3 0.5890625 0.2546875 0.08125 0.115625
5 0.55078125 0.08828125 0.103125 0.1390625
5 0.65625 0.06328125 0.09375 0.1265625
5 0.44609375 0.1140625 0.090625 0.128125
0 0.2703125 0.28984375 0.08125 0.1203125
12 0.7390625 0.41015625 0.0796875 0.1140625
6 0.32734375 0.47421875 0.0765625 0.1109375
1 0.5359375 0.47890625 0.084375 0.11875
10 0.234375 0.1171875 0.084375 0.1265625
7 0.64453125 0.44609375 0.084375 0.115625
11 0.7171875 0.415625 0.0375 0.090625