4 0.515625 0.496875 0.071875 0.1140625
5 0.48046875 0.8625 0.0796875 0.11875
4 0.40703125 0.48984375 0.0671875 0.1109375
4 0.31015625 0.48515625 0.06875 0.10625
5 0.37734375 0.8453125 0.090625 0.1265625
5 0.2734375 0.83046875 0.08125 0.1140625
9 0.40078125 0.6671875 0.3796875 0.6109375
1 0.72734375 0.5859375 0.0875 0.1375
7 0.68828125 0.89453125 0.0875 0.1453125
0 0.4921875 0.6828125 0.0703125 0.1078125
10 0.2828125 0.66953125 0.0703125 0.10625
8 0.38125 0.6359375 0.3890625 0.634375 0.4 0.6375 0.4078125 0.6453125 0.409375 0.653125 0.4125 0.65625 0.4125 0.665625 0.415625 0.675 0.4140625 0.6765625 0.415625 0.6875 0.4125 0.6921875 0.4140625 0.69375 0.4109375 0.6984375 0.4109375 0.7046875 0.4078125 0.70625 0.4078125 0.7125 0.4046875 0.71875 0.4015625 0.7203125 0.4015625 0.7234375 0.3921875 0.7328125 0.384375 0.734375 0.3703125 0.73125 0.3609375 0.7203125 0.3625 0.715625 0.3578125 0.7046875 0.359375 0.7015625 0.3578125 0.6875 0.3640625 0.659375 0.36875 0.65625 0.3703125 0.646875 0.3734375 0.6453125 0.375 0.640625 0.38125 0.6375
11 0.6765625 0.45625 0.68125 0.4578125 0.684375 0.4640625 0.6921875 0.4671875 0.7015625 0.478125 0.70625 0.4796875 0.7171875 0.4953125 0.7140625 0.4984375 0.7140625 0.503125 0.709375 0.5125 0.7078125 0.5265625 0.703125 0.53125 0.703125 0.5390625 0.7 0.5421875 0.696875 0.5546875 0.6890625 0.56875 0.6828125 0.56875 0.68125 0.565625 0.6734375 0.5625 0.659375 0.5484375 0.6546875 0.546875 0.6453125 0.5359375 0.6453125 0.525 0.6484375 0.521875 0.6484375 0.5125 0.653125 0.5046875 0.659375 0.4796875 0.6625 0.478125 0.6640625 0.465625 0.6703125 0.45625 0.675 0.45625