9 0.62109375 0.48984375 0.62890625 0.3578125
4 0.64375 0.596875 0.1109375 0.0640625
4 0.8296875 0.59140625 0.11328125 0.0609375
4 0.43671875 0.60078125 0.115625 0.06640625
2 0.43046875 0.37265625 0.13359375 0.065625
12 0.84375 0.3765625 0.15078125 0.071875
1 0.09296875 0.61015625 0.12734375 0.06484375
11 0.1328125 0.3421875 0.1296875 0.07421875
0 0.4421875 0.48671875 0.11796875 0.06328125
8 0.6328125 0.37421875 0.1359375 0.0671875
7 0.11328125 0.49140625 0.153125 0.0828125
6 0.64296875 0.478125 0.11328125 0.06171875
0 0.84296875 0.478125 0.12578125 0.06328125