3 0.59921875 0.4265625 0.0859375 0.1234375
5 0.7015625 0.42734375 0.0890625 0.134375
3 0.5671875 0.60546875 0.0859375 0.11875
5 0.659375 0.6109375 0.096875 0.1515625
9 0.553125 0.59609375 0.4828125 0.6890625
5 0.6171875 0.790625 0.0921875 0.14375
0 0.70859375 0.07578125 0.0765625 0.0875
12 0.7640625 0.6921875 0.096875 0.1328125
1 0.4921875 0.415625 0.0859375 0.1234375
8 0.840625 0.3890625 0.1 0.125
6 0.60078125 0.06796875 0.084375 0.1203125
11 0.42265625 0.7828125 0.0921875 0.140625
7 0.4546875 0.6078125 0.0875 0.1265625
2 0.86953125 0.12890625 0.1 0.115625
10 0.52734375 0.79140625 0.084375 0.121875