5 0.5515625 0.634375 0.0921875 0.059375
3 0.403125 0.625 0.090625 0.053125
4 0.2484375 0.62265625 0.0984375 0.05625
9 0.4015625 0.54375 0.4953125 0.2796875
0 0.3734375 0.75625 0.08125 0.04375
1 0.20078125 0.74921875 0.090625 0.053125
6 0.42421875 0.53984375 0.090625 0.05
10 0.42890625 0.4546875 0.0890625 0.0515625
11 0.26953125 0.44921875 0.0828125 0.05
7 0.2609375 0.53125 0.09375 0.0515625
12 0.5640625 0.46328125 0.0953125 0.0625
2 0.5453125 0.765625 0.0859375 0.03125
8 0.5578125 0.54765625 0.0921875 0.059375