4 0.47421875 0.4046875 0.0921875 0.0640625
4 0.6140625 0.36953125 0.0875 0.0609375
3 0.63984375 0.446875 0.0875 0.059375
5 0.66015625 0.51171875 0.115625 0.071875
3 0.5109375 0.475 0.0875 0.059375
9 0.6328125 0.440625 0.490625 0.3375
5 0.528125 0.54609375 0.1 0.0625
5 0.7953125 0.47578125 0.10625 0.0640625
12 0.2734375 0.3984375 0.09375 0.0640625
2 0.36796875 0.5828125 0.084375 0.059375
7 0.30390625 0.47734375 0.0890625 0.059375
1 0.275 0.44296875 0.084375 0.0546875
8 0.3875 0.63671875 0.0890625 0.0640625
10 0.7796875 0.4109375 0.0953125 0.0625
0 0.3390625 0.51015625 0.0828125 0.053125
11 0.74609375 0.33515625 0.090625 0.0609375
6 0.35234375 0.54765625 0.078125 0.0515625