5 0.3140625 0.36796875 0.1296875 0.0875
5 0.30625 0.590625 0.1265625 0.09375
5 0.31171875 0.478125 0.1390625 0.1
9 0.496875 0.49765625 0.6625 0.4171875
4 0.70390625 0.4109375 0.1265625 0.0796875
10 0.478125 0.6140625 0.1265625 0.0828125
12 0.06484375 0.49921875 0.1296875 0.0859375
6 0.48125 0.49921875 0.121875 0.0765625
11 0.67890625 0.634375 0.1203125 0.08125
0 0.503125 0.3921875 0.1203125 0.0796875
7 0.69375 0.525 0.121875 0.0765625
8 0.075 0.30859375 0.115625 0.075
0 0.15859375 0.18515625 0.05625 0.025