9 0.68125 0.50078125 0.63671875 0.378125
2 0.1359375 0.371875 0.13515625 0.0765625
5 0.70390625 0.38125 0.15390625 0.07578125
5 0.490625 0.37734375 0.1390625 0.0703125
0 0.15546875 0.5109375 0.12890625 0.065625
3 0.7109375 0.4859375 0.12265625 0.0671875
3 0.5046875 0.49296875 0.12734375 0.06953125
1 0.1703125 0.64375 0.13203125 0.06875
4 0.4953125 0.615625 0.12734375 0.071875
7 0.73203125 0.61328125 0.13671875 0.06796875
11 0.93125 0.6125 0.1375 0.06796875
12 0.92265625 0.37890625 0.15390625 0.07578125
6 0.17421875 0.4390625 0.11796875 0.06484375
8 0.17578125 0.28515625 0.1296875 0.08125
10 0.93046875 0.4859375 0.12890625 0.06640625