9 0.51171875 0.44296875 0.5140625 0.7265625
5 0.58359375 0.22109375 0.1125 0.14375
4 0.4515625 0.67265625 0.0984375 0.1375
5 0.34921875 0.26953125 0.1078125 0.1453125
5 0.46484375 0.2453125 0.1203125 0.153125
4 0.57109375 0.63515625 0.09375 0.1359375
4 0.67734375 0.60546875 0.0953125 0.128125
0 0.40234375 0.46640625 0.103125 0.1390625
6 0.5140625 0.42265625 0.0921875 0.128125
10 0.634375 0.39609375 0.0984375 0.13125
11 0.2859375 0.721875 0.0703125 0.128125
12 0.459375 0.0296875 0.084375 0.059375
2 0.13359375 0.146875 0.0390625 0.0703125