9 0.48515625 0.53125 0.6125 0.3578125
5 0.28984375 0.43515625 0.1234375 0.078125
3 0.4734375 0.43125 0.115625 0.06875
5 0.31328125 0.6484375 0.1125 0.08125
5 0.3 0.5421875 0.1265625 0.0859375
1 0.66875 0.41640625 0.115625 0.06875
0 0.3953125 0.23984375 0.1046875 0.034375
2 0.084375 0.2671875 0.1375 0.0578125
6 0.46640625 0.5359375 0.1109375 0.065625
10 0.47734375 0.64375 0.1140625 0.071875
12 0.071875 0.6 0.1234375 0.0765625
7 0.671875 0.5296875 0.1140625 0.06875
11 0.67109375 0.63359375 0.1078125 0.075
8 0.05625 0.4171875 0.1125 0.06875