9 0.3328125 0.3984375 0.40625 0.6421875
5 0.2046875 0.22421875 0.078125 0.140625
2 0.18515625 0.946875 0.0921875 0.10625
3 0.32109375 0.3890625 0.071875 0.1125
3 0.35 0.5671875 0.075 0.115625
3 0.29453125 0.19921875 0.0703125 0.11875
5 0.24765625 0.60078125 0.078125 0.13125
5 0.22578125 0.41171875 0.0828125 0.1484375
1 0.45625 0.546875 0.0734375 0.1203125
0 0.3640625 0.946875 0.071875 0.10625
12 0.0875 0.3671875 0.084375 0.1265625
11 0.39921875 0.17578125 0.0734375 0.13125
6 0.46640625 0.90234375 0.0671875 0.1109375
7 0.428125 0.35234375 0.071875 0.1234375
10 0.265625 0.95390625 0.075 0.0921875
8 0.12421875 0.6875 0.0921875 0.11875