3 0.3796875 0.47734375 0.1015625 0.0671875
5 0.2453125 0.37109375 0.1125 0.08125
0 0.375 0.615625 0.0890625 0.0625
4 0.5328125 0.50546875 0.1015625 0.0671875
9 0.3953125 0.39375 0.5328125 0.3453125
2 0.196875 0.60078125 0.103125 0.0703125
5 0.22734375 0.45859375 0.0984375 0.0703125
1 0.54140625 0.634375 0.0953125 0.065625
12 0.25625 0.2796875 0.1109375 0.0828125
11 0.559375 0.32890625 0.0921875 0.0671875
10 0.39765625 0.30078125 0.096875 0.0671875
8 0.08828125 0.5625 0.1140625 0.0703125
7 0.5453125 0.41328125 0.096875 0.065625
6 0.38046875 0.38828125 0.0921875 0.0625