3 0.5578125 0.49453125 0.125 0.0734375
5 0.7265625 0.62734375 0.125 0.0828125
3 0.528125 0.60625 0.1265625 0.0765625
5 0.73828125 0.5109375 0.1375 0.09375
4 0.33984375 0.4734375 0.1265625 0.071875
4 0.31875 0.59453125 0.1328125 0.0765625
9 0.53046875 0.49765625 0.6859375 0.4046875
0 0.47578125 0.76484375 0.10625 0.0359375
10 0.571875 0.37421875 0.125 0.075
12 0.7609375 0.39140625 0.134375 0.090625
2 0.24375 0.7453125 0.11875 0.05
11 0.3578125 0.359375 0.1265625 0.0796875
6 0.59609375 0.76875 0.109375 0.040625
8 0.82890625 0.78203125 0.059375 0.034375
2 0.68359375 0.7828125 0.0390625 0.01875