9 0.45546875 0.52734375 0.42734375 0.76484375
4 0.56171875 0.30390625 0.08046875 0.1453125
4 0.31640625 0.36328125 0.0734375 0.1265625
3 0.4484375 0.56875 0.07265625 0.12265625
3 0.5703125 0.53515625 0.078125 0.134375
3 0.32265625 0.58671875 0.07578125 0.125
4 0.4296875 0.3328125 0.07265625 0.13515625
7 0.7453125 0.4296875 0.08125 0.16953125
0 0.7625 0.56484375 0.04375 0.12890625
12 0.33125 0.79296875 0.09453125 0.1484375
11 0.75859375 0.25703125 0.05 0.15234375
2 0.58203125 0.77890625 0.0890625 0.14609375
8 0.45703125 0.78359375 0.09296875 0.15234375