5 0.746875 0.62109375 0.1421875 0.0984375
5 0.7078125 0.728125 0.15 0.109375
4 0.3453125 0.534375 0.1453125 0.09375
3 0.5484375 0.58515625 0.1328125 0.090625
2 0.82109375 0.43828125 0.14375 0.096875
0 0.584375 0.4015625 0.115625 0.08125
1 0.35390625 0.35703125 0.1328125 0.0921875
9 0.5234375 0.6453125 0.7375 0.415625
8 0.94140625 0.4953125 0.1171875 0.09375
6 0.53203125 0.7 0.128125 0.0890625
7 0.31015625 0.653125 0.128125 0.0953125
11 0.28828125 0.7328125 0.1140625 0.040625
3 0.49453125 0.77734375 0.0890625 0.0296875