3 0.53515625 0.75859375 0.084375 0.128125
4 0.41640625 0.53984375 0.09375 0.140625
3 0.5453125 0.55 0.0875 0.1359375
4 0.40078125 0.7640625 0.0859375 0.1265625
3 0.5140625 0.9515625 0.078125 0.096875
4 0.39140625 0.9453125 0.0765625 0.0984375
0 0.61015625 0.20859375 0.084375 0.13125
9 0.51796875 0.68828125 0.4703125 0.6234375
1 0.49765625 0.071875 0.1046875 0.14375
2 0.67734375 0.5609375 0.09375 0.15
7 0.53515625 0.22890625 0.1078125 0.18125
12 0.62890625 0.94765625 0.0921875 0.1046875
10 0.60234375 0.06875 0.0828125 0.1265625
8 0.6515625 0.7671875 0.1015625 0.16875
6 0.690625 0.0171875 0.6921875 0.021875 0.6984375 0.025 0.703125 0.040625 0.7078125 0.0484375 0.70625 0.05 0.709375 0.0609375 0.7078125 0.0921875 0.7 0.1140625 0.7 0.1203125 0.6953125 0.125 0.6921875 0.1328125 0.6859375 0.1390625 0.68125 0.140625 0.678125 0.1453125 0.6671875 0.1484375 0.659375 0.1484375 0.6578125 0.1453125 0.646875 0.140625 0.640625 0.128125 0.640625 0.1234375 0.6375 0.1203125 0.6390625 0.1125 0.6359375 0.1078125 0.6375 0.0796875 0.6453125 0.0546875 0.6453125 0.0453125 0.6515625 0.040625 0.6546875 0.0328125 0.665625 0.021875 0.675 0.0171875 0.6890625 0.0171875
11 0.43125 0.1 0.440625 0.103125 0.4484375 0.1109375 0.45 0.115625 0.4578125 0.11875 0.4671875 0.1296875 0.475 0.1328125 0.475 0.1359375 0.48125 0.1390625 0.4796875 0.1421875 0.484375 0.1453125 0.4859375 0.1515625 0.4828125 0.1578125 0.4828125 0.1703125 0.4796875 0.171875 0.4796875 0.1796875 0.475 0.1890625 0.475 0.196875 0.465625 0.21875 0.465625 0.228125 0.4609375 0.2328125 0.4609375 0.240625 0.45625 0.253125 0.4515625 0.2546875 0.4421875 0.2515625 0.4375 0.2453125 0.4328125 0.24375 0.434375 0.2421875 0.4328125 0.240625 0.425 0.2375 0.4125 0.225 0.4046875 0.221875 0.4 0.2171875 0.3984375 0.2109375 0.3984375 0.196875 0.40625 0.178125 0.415625 0.140625 0.4203125 0.1328125 0.4203125 0.1234375 0.425 0.1171875 0.4296875 0.1015625