9 0.42265625 0.5109375 0.56015625 0.325
3 0.5859375 0.515625 0.11328125 0.059375
2 0.91328125 0.6265625 0.121875 0.0640625
4 0.5921875 0.4109375 0.10859375 0.06015625
5 0.5984375 0.61640625 0.12578125 0.0640625
0 0.88671875 0.5046875 0.1078125 0.05546875
12 0.22890625 0.6109375 0.1328125 0.06171875
2 0.87421875 0.3859375 0.1125 0.05859375
5 0.41484375 0.6125 0.13203125 0.065625
11 0.225 0.4171875 0.1125 0.05390625
8 0.87265625 0.7015625 0.11875 0.07109375
10 0.2265625 0.52109375 0.10390625 0.05546875
6 0.40234375 0.52421875 0.0984375 0.05390625
7 0.39453125 0.4140625 0.10859375 0.05625