3 0.46015625 0.465625 0.04765625 0.08671875
5 0.384375 0.45859375 0.05390625 0.11171875
5 0.384375 0.30546875 0.05 0.1
3 0.46640625 0.31640625 0.04921875 0.08984375
3 0.45859375 0.62265625 0.04609375 0.09296875
5 0.38359375 0.6140625 0.05078125 0.10390625
9 0.46875 0.46328125 0.27421875 0.48515625
2 0.30234375 0.04375 0.05703125 0.08671875
1 0.55390625 0.31640625 0.04921875 0.090625
0 0.44140625 0.0296875 0.046875 0.059375
7 0.55 0.47734375 0.04765625 0.0859375
12 0.27890625 0.51796875 0.05546875 0.09296875
8 0.2796875 0.25859375 0.053125 0.09140625
6 0.52734375 0.0375 0.04453125 0.075
11 0.5453125 0.6265625 0.046875 0.09453125
10 0.3640625 0.03359375 0.0484375 0.06640625