3 0.48203125 0.49921875 0.0953125 0.0640625
5 0.4953125 0.42421875 0.125 0.0765625
2 0.09921875 0.3453125 0.1046875 0.0703125
5 0.34375 0.39453125 0.1125 0.071875
4 0.31171875 0.55859375 0.1 0.0671875
9 0.47421875 0.50625 0.51875 0.353125
3 0.33515625 0.475 0.1015625 0.065625
1 0.0875 0.53359375 0.109375 0.06875
0 0.09765625 0.4421875 0.1 0.0609375
8 0.13984375 0.290625 0.10625 0.071875
12 0.65 0.45234375 0.1140625 0.0734375
10 0.63671875 0.52890625 0.1015625 0.0671875
7 0.471875 0.58828125 0.0953125 0.0640625
11 0.615625 0.61484375 0.096875 0.0625
6 0.11875 0.3953125 0.0921875 0.059375