5 0.234375 0.428125 0.1296875 0.07578125
5 0.25234375 0.315625 0.1359375 0.08515625
4 0.6453125 0.43671875 0.13515625 0.06953125
3 0.4359375 0.42578125 0.12265625 0.06796875
2 0.196875 0.621875 0.13203125 0.07265625
0 0.4359375 0.6125 0.10625 0.06171875
1 0.67109375 0.6125 0.121875 0.0703125
9 0.44921875 0.36171875 0.69609375 0.2875
8 0.06015625 0.590625 0.1203125 0.071875
6 0.43046875 0.31015625 0.11640625 0.06875
7 0.65703125 0.31328125 0.11640625 0.075
11 0.66328125 0.23125 0.1125 0.0203125
3 0.45234375 0.2265625 0.0890625 0.0125