4 0.46484375 0.521875 0.125 0.0875
3 0.8 0.325 0.11875 0.0796875
3 0.44296875 0.41875 0.121875 0.084375
3 0.615625 0.36953125 0.1140625 0.08125
4 0.6546875 0.471875 0.1125 0.0828125
9 0.61640625 0.38125 0.6515625 0.4625
5 0.76640625 0.2390625 0.1359375 0.0875
5 0.403125 0.32421875 0.1328125 0.0875
12 0.21953125 0.66875 0.1375 0.0921875
5 0.58671875 0.2828125 0.1453125 0.0953125
1 0.18515625 0.61328125 0.1234375 0.0859375
0 0.2 0.49140625 0.1171875 0.08125
2 0.17109375 0.38515625 0.115625 0.0890625
7 0.1890625 0.55390625 0.125 0.090625
10 0.09765625 0.4765625 0.1265625 0.090625
8 0.15 0.31484375 0.1265625 0.1015625
6 0.18828125 0.43671875 0.115625 0.08125
11 0.83828125 0.4203125 0.128125 0.0828125