2 0.10078125 0.42890625 0.11875 0.05625
3 0.39921875 0.5265625 0.109375 0.05625
9 0.56484375 0.53046875 0.553125 0.3125
4 0.39296875 0.62578125 0.1109375 0.059375
1 0.13671875 0.64921875 0.1125 0.05625
0 0.12734375 0.54140625 0.10625 0.053125
5 0.38828125 0.43125 0.11875 0.059375
12 0.7453125 0.4265625 0.125 0.0640625
11 0.75390625 0.61953125 0.10625 0.05625
6 0.571875 0.51640625 0.1 0.05625
7 0.58125 0.6234375 0.1 0.05625
10 0.75234375 0.515625 0.10625 0.059375
8 0.56484375 0.428125 0.121875 0.059375