5 0.76328125 0.37265625 0.11875 0.07265625
3 0.57890625 0.38359375 0.11328125 0.065625
5 0.77265625 0.59140625 0.1125 0.075
5 0.76875 0.48125 0.12578125 0.0796875
9 0.58203125 0.48359375 0.61640625 0.33828125
11 0.4078125 0.6015625 0.10078125 0.0640625
10 0.60390625 0.5984375 0.11328125 0.0671875
1 0.38125 0.38359375 0.1109375 0.065625
6 0.60078125 0.4875 0.109375 0.0609375
7 0.39453125 0.496875 0.1125 0.06484375
12 0.97109375 0.5203125 0.05703125 0.06640625
8 0.96640625 0.33671875 0.06328125 0.0671875