9 0.415625 0.6796875 0.321875 0.5828125
4 0.31171875 0.5078125 0.059375 0.09921875
4 0.409375 0.50234375 0.05703125 0.1046875
5 0.31015625 0.85390625 0.07109375 0.1078125
5 0.51953125 0.8625 0.06953125 0.1125
5 0.41640625 0.8578125 0.0796875 0.11953125
4 0.51640625 0.4984375 0.06015625 0.10859375
7 0.72734375 0.87734375 0.0734375 0.13671875
1 0.73515625 0.5625 0.0765625 0.134375
11 0.68125 0.4953125 0.07109375 0.11953125
0 0.51328125 0.6828125 0.0609375 0.10390625
6 0.409375 0.69609375 0.06171875 0.10625
10 0.303125 0.69140625 0.06875 0.1109375