0 0.92109375 0.4609375 0.11953125 0.059375
1 0.91015625 0.58125 0.12421875 0.0609375
2 0.6203125 0.3375 0.12734375 0.06953125
12 0.2265625 0.34453125 0.13671875 0.06875
11 0.2234375 0.5515625 0.11953125 0.06015625
7 0.61640625 0.55546875 0.115625 0.0625
7 0.4078125 0.5546875 0.1140625 0.06015625
3 0.60703125 0.44765625 0.11640625 0.0625
8 0.42265625 0.3421875 0.12421875 0.06875
6 0.41484375 0.4375 0.10546875 0.059375
0 0.225 0.44140625 0.11484375 0.0625
9 0.1303895828125 0.6134485984375 0.7309645828125 0.6271004671875 0.7444916671875 0.279727803125 0.14249375 0.28501635468750003 0.1303895828125 0.6134485984375