4 0.4078125 0.43671875 0.15859375 0.08984375
0 0.68359375 0.43125 0.15703125 0.08828125
11 0.453125 0.7375 0.153125 0.08203125
6 0.72578125 0.58203125 0.1546875 0.08515625
2 0.93984375 0.4125 0.1203125 0.0953125
1 0.3296875 0.24296875 0.14140625 0.0453125
7 0.43359375 0.596875 0.165625 0.0953125
8 0.93828125 0.57109375 0.1234375 0.1
10 0.73515625 0.73671875 0.15625 0.08671875
12 0.9546875 0.7296875 0.090625 0.1015625
9 0.3025979171875 0.7768294390625 0.9979166671874999 0.7835992984375 0.9979166671874999 0.32152686875 0.2407166671875 0.35791705625 0.3025979171875 0.7768294390625