4 0.36796875 0.3859375 0.07265625 0.12265625
4 0.3734375 0.5984375 0.0703125 0.115625
4 0.378125 0.7875 0.06484375 0.115625
5 0.59765625 0.375 0.06796875 0.134375
5 0.590625 0.77734375 0.0640625 0.13984375
5 0.59296875 0.58203125 0.0703125 0.153125
9 0.47890625 0.57890625 0.36875 0.63671875
0 0.48671875 0.38984375 0.0671875 0.1171875
8 0.60859375 0.02109375 0.0734375 0.040625
12 0.728125 0.65625 0.07265625 0.1296875
6 0.4953125 0.59375 0.06875 0.11953125
2 0.7140625 0.0390625 0.078125 0.07734375
10 0.49375 0.79453125 0.06953125 0.128125
11 0.3609375 0.0609375 0.071875 0.121875
8 0.73671875 0.3171875 0.0734375 0.11875