2 0.140625 0.3359375 0.125 0.0796875
0 0.146875 0.45703125 0.115625 0.0703125
5 0.621875 0.42421875 0.140625 0.084375
1 0.1359375 0.571875 0.1234375 0.0765625
3 0.43984375 0.4921875 0.115625 0.075
5 0.44453125 0.39296875 0.1328125 0.0796875
8 0.19453125 0.26953125 0.125 0.0859375
9 0.596875 0.521875 0.6109375 0.409375
4 0.41015625 0.59296875 0.115625 0.0765625
12 0.80859375 0.4546875 0.140625 0.084375
7 0.6078125 0.62421875 0.1171875 0.0734375
11 0.78125 0.65078125 0.1203125 0.0734375
10 0.7953125 0.54609375 0.121875 0.0765625
6 0.6171875 0.515625 0.1234375 0.078125