3 0.41015625 0.50234375 0.1125 0.065625
0 0.12734375 0.5453125 0.1125 0.0640625
4 0.41796875 0.603125 0.115625 0.0703125
2 0.0875 0.434375 0.1234375 0.0703125
9 0.5765625 0.48828125 0.5921875 0.3640625
1 0.15546875 0.653125 0.115625 0.065625
5 0.3859375 0.40703125 0.13125 0.071875
12 0.746875 0.36875 0.1328125 0.071875
11 0.79453125 0.55703125 0.08125 0.059375
10 0.76171875 0.45703125 0.109375 0.065625
7 0.60859375 0.578125 0.1078125 0.065625
6 0.58515625 0.4734375 0.1 0.0609375
8 0.56640625 0.3875 0.125 0.0734375