5 0.67734375 0.384375 0.12890625 0.06484375
5 0.30625 0.38828125 0.128125 0.0625
5 0.4921875 0.38671875 0.1390625 0.06484375
9 0.496875 0.4890625 0.57265625 0.328125
3 0.66484375 0.48515625 0.1125 0.06015625
11 0.29375 0.584375 0.10234375 0.0578125
1 0.67265625 0.59140625 0.11171875 0.06171875
8 0.734375 0.25390625 0.1125 0.06796875
12 0.41484375 0.2609375 0.1109375 0.06484375
2 0.971875 0.2890625 0.053125 0.04921875
7 0.47578125 0.58984375 0.103125 0.05859375
10 0.296875 0.4796875 0.11015625 0.05703125
0 0.98984375 0.45078125 0.01640625 0.0421875
6 0.4828125 0.478125 0.0984375 0.0546875