5 0.29140625 0.42265625 0.1359375 0.0734375
5 0.4828125 0.421875 0.1484375 0.0765625
5 0.6734375 0.42265625 0.1375 0.0703125
9 0.4703125 0.5234375 0.625 0.3796875
0 0.2921875 0.52578125 0.1203125 0.0671875
6 0.48203125 0.51640625 0.11875 0.06875
1 0.278125 0.63359375 0.1234375 0.071875
12 0.57421875 0.2890625 0.1203125 0.071875
10 0.678125 0.51796875 0.1109375 0.0640625
2 0.01640625 0.32734375 0.0328125 0.0421875
8 0.24765625 0.284375 0.11875 0.075
11 0.665625 0.62890625 0.109375 0.065625
7 0.4796875 0.63125 0.1125 0.0703125