4 0.55625 0.428125 0.1203125 0.0703125
0 0.8609375 0.53125 0.1171875 0.0640625
3 0.553125 0.53359375 0.1140625 0.0640625
1 0.84609375 0.4109375 0.1203125 0.065625
12 0.1765625 0.62734375 0.14375 0.0765625
11 0.165625 0.4203125 0.1296875 0.0671875
2 0.5625 0.64453125 0.1328125 0.0765625
10 0.171875 0.53203125 0.115625 0.0671875
6 0.3609375 0.540625 0.10625 0.0625
7 0.34921875 0.42421875 0.1171875 0.0671875
8 0.36875 0.63515625 0.134375 0.075
9 0.6597622125 0.358455878125 0.07082480625000001 0.3564073375 0.091369615625 0.6876011796875 0.68305930625 0.7081485546875 0.6597622125 0.358455878125