0 0.43203125 0.27109375 0.08046875 0.05234375
2 0.60234375 0.2546875 0.08984375 0.05703125
3 0.46171875 0.4046875 0.0875 0.05078125
9 0.459375 0.4875 0.490625 0.2734375
5 0.60625 0.396875 0.08828125 0.05625
1 0.26328125 0.2796875 0.0875 0.05390625
4 0.30859375 0.40625 0.0921875 0.0515625
11 0.32734375 0.57890625 0.08828125 0.0515625
12 0.61875 0.56953125 0.090625 0.05703125
10 0.4859375 0.575 0.0875 0.05
8 0.61640625 0.4828125 0.09296875 0.0578125
7 0.31953125 0.49609375 0.08671875 0.0484375
6 0.48125 0.48828125 0.0828125 0.04609375