5 0.70625 0.4 0.1140625 0.06953125
3 0.52578125 0.40625 0.10859375 0.0625
5 0.6984375 0.6078125 0.1078125 0.075
5 0.70390625 0.50546875 0.1171875 0.07734375
9 0.525 0.50390625 0.5828125 0.31875
12 0.928125 0.54609375 0.12109375 0.06953125
1 0.33828125 0.4046875 0.1078125 0.0609375
6 0.54296875 0.509375 0.1109375 0.06015625
11 0.3515625 0.6125 0.10546875 0.0671875
2 0.87734375 0.23515625 0.08359375 0.02890625
7 0.34296875 0.51328125 0.10625 0.05859375
10 0.534375 0.61328125 0.0984375 0.059375
8 0.9359375 0.36875 0.1125 0.06015625