5 0.37734375 0.24765625 0.0671875 0.14453125
4 0.59921875 0.64375 0.0703125 0.11875
5 0.3734375 0.64765625 0.07109375 0.13046875
5 0.37578125 0.4484375 0.071875 0.1515625
4 0.596875 0.43515625 0.06796875 0.1109375
4 0.59140625 0.24765625 0.06171875 0.115625
9 0.4859375 0.45 0.35625 0.61875
2 0.26796875 0.9671875 0.059375 0.06171875
11 0.5984375 0.9453125 0.075 0.109375
12 0.23671875 0.36640625 0.07265625 0.125
8 0.2359375 0.70703125 0.07265625 0.121875
10 0.4765625 0.175 0.484375 0.175 0.4859375 0.178125 0.49375 0.18125 0.49375 0.184375 0.4984375 0.1875 0.5046875 0.203125 0.5078125 0.234375 0.503125 0.2640625 0.4984375 0.271875 0.4984375 0.2765625 0.4890625 0.2890625 0.484375 0.290625 0.4671875 0.2890625 0.4578125 0.2765625 0.4484375 0.2453125 0.4484375 0.209375 0.453125 0.19375 0.4625 0.18125 0.4765625 0.1765625
6 0.4734375 0.384375 0.484375 0.3875 0.4859375 0.390625 0.4921875 0.39375 0.5046875 0.41875 0.503125 0.4578125 0.49375 0.4828125 0.484375 0.490625 0.471875 0.4921875 0.4625 0.4890625 0.4625 0.4859375 0.453125 0.478125 0.453125 0.475 0.4484375 0.4703125 0.4484375 0.4625 0.44375 0.4453125 0.4484375 0.409375 0.453125 0.4015625 0.4546875 0.39375 0.459375 0.3921875 0.4625 0.3875 0.471875 0.3859375
0 0.4765625 0.58125 0.490625 0.58125 0.4921875 0.584375 0.5 0.5875 0.509375 0.6046875 0.5140625 0.621875 0.5140625 0.6578125 0.5 0.6890625 0.4953125 0.6953125 0.484375 0.6984375 0.475 0.696875 0.4671875 0.6890625 0.4671875 0.6859375 0.4625 0.6828125 0.4578125 0.6734375 0.4578125 0.665625 0.453125 0.653125 0.453125 0.61875 0.45625 0.6140625 0.4578125 0.6046875 0.4625 0.5984375 0.4625 0.59375 0.4703125 0.584375 0.4765625 0.5828125