5 0.45703125 0.403125 0.0921875 0.0609375
2 0.4265625 0.68671875 0.09453125 0.05
5 0.4453125 0.49140625 0.1 0.06484375
3 0.584375 0.49453125 0.0859375 0.04921875
3 0.584375 0.57890625 0.0875 0.05
4 0.74140625 0.5890625 0.0984375 0.053125
4 0.74921875 0.4984375 0.0921875 0.04921875
9 0.59765625 0.496875 0.50546875 0.275
5 0.43359375 0.58046875 0.0921875 0.0578125
12 0.84375 0.7140625 0.09609375 0.06171875
7 0.671875 0.7078125 0.09453125 0.05703125
1 0.75390625 0.71953125 0.0875 0.05390625
0 0.58828125 0.69140625 0.08046875 0.0515625
8 0.31328125 0.684375 0.0984375 0.0515625
11 0.76171875 0.41328125 0.096875 0.05234375
10 0.59609375 0.40390625 0.09453125 0.05546875
6 0.50625 0.6890625 0.07890625 0.04765625