9 0.52890625 0.4984375 0.3671875 0.575
4 0.4546875 0.66328125 0.0703125 0.109375
5 0.6421875 0.65859375 0.06875 0.1125
4 0.440625 0.4890625 0.0671875 0.1
4 0.4296875 0.3328125 0.0640625 0.103125
5 0.625 0.49296875 0.075 0.128125
5 0.60703125 0.32578125 0.06875 0.1203125
12 0.73359375 0.41953125 0.071875 0.109375
6 0.54296875 0.48984375 0.0671875 0.1015625
0 0.55 0.65625 0.0640625 0.1015625
11 0.4796875 0.93515625 0.075 0.1234375
10 0.52578125 0.315625 0.0640625 0.1046875
8 0.76484375 0.70625 0.0703125 0.103125