9 0.4421875 0.4890625 0.328125 0.5296875
3 0.4421875 0.46953125 0.0578125 0.0921875
3 0.3515625 0.45390625 0.0625 0.0921875
3 0.525 0.49609375 0.059375 0.09375
5 0.3703125 0.3203125 0.0671875 0.0984375
5 0.46015625 0.3375 0.071875 0.10625
5 0.54609375 0.35078125 0.0640625 0.0984375
2 0.71015625 0.23671875 0.0609375 0.1046875
0 0.69609375 0.47890625 0.0578125 0.0859375
1 0.50859375 0.6515625 0.059375 0.0921875
12 0.446875 0.14375 0.0625 0.103125
11 0.334375 0.61171875 0.0625 0.090625
8 0.59296875 0.1703125 0.0578125 0.103125
6 0.66953125 0.62578125 0.0546875 0.084375
10 0.7078125 0.34375 0.0578125 0.0890625
7 0.41796875 0.6328125 0.0578125 0.090625