9 0.6171875 0.53125 0.68125 0.4609375
4 0.65859375 0.4296875 0.1203125 0.0828125
4 0.840625 0.4671875 0.121875 0.0796875
4 0.45546875 0.38984375 0.125 0.0859375
2 0.409375 0.61328125 0.1421875 0.0875
12 0.8171875 0.68125 0.1609375 0.096875
1 0.11796875 0.32109375 0.1359375 0.0859375
11 0.1109375 0.59140625 0.140625 0.0953125
0 0.440625 0.503125 0.1265625 0.0828125
8 0.60859375 0.646875 0.1453125 0.0890625
7 0.11796875 0.44140625 0.165625 0.1078125
6 0.63671875 0.54609375 0.121875 0.0796875
0 0.83359375 0.58125 0.134375 0.084375