9 0.56640625 0.5359375 0.3734375 0.54375
3 0.5953125 0.67890625 0.0703125 0.1078125
3 0.57421875 0.52578125 0.0640625 0.096875
3 0.54453125 0.36796875 0.065625 0.1015625
5 0.6234375 0.36484375 0.071875 0.11875
5 0.6828125 0.67421875 0.075 0.1171875
5 0.65234375 0.51953125 0.0796875 0.1296875
1 0.50703125 0.69765625 0.071875 0.1046875
11 0.45703125 0.38359375 0.0671875 0.10625
12 0.74921875 0.44453125 0.0765625 0.1078125
7 0.4796875 0.53359375 0.0671875 0.1015625
2 0.8078125 0.9171875 0.0578125 0.0703125
8 0.79453125 0.70859375 0.071875 0.1
0 0.67421875 0.95546875 0.0546875 0.04375