9 0.47265625 0.55234375 0.42890625 0.23984375
3 0.60078125 0.55234375 0.0828125 0.04296875
4 0.6046875 0.47734375 0.0796875 0.04375
2 0.83515625 0.6265625 0.08984375 0.04609375
5 0.47265625 0.6265625 0.1046875 0.05
5 0.609375 0.62578125 0.090625 0.04375
12 0.33359375 0.6296875 0.09609375 0.0484375
0 0.8125 0.54140625 0.08046875 0.04140625
1 0.803125 0.46015625 0.084375 0.04140625
10 0.3296875 0.56015625 0.0796875 0.04375
11 0.33046875 0.48203125 0.07890625 0.040625
7 0.46015625 0.4796875 0.07890625 0.04296875
6 0.4671875 0.56015625 0.07265625 0.040625
8 0.80625 0.67890625 0.08515625 0.0484375