3 0.409375 0.43125 0.1140625 0.0640625
3 0.40390625 0.31640625 0.1109375 0.06875
5 0.2265625 0.32578125 0.121875 0.08125
5 0.228125 0.43828125 0.128125 0.084375
4 0.63515625 0.5421875 0.13125 0.0703125
3 0.428125 0.54140625 0.11875 0.06875
5 0.2296875 0.55234375 0.121875 0.075
4 0.6234375 0.421875 0.1265625 0.0640625
7 0.68671875 0.71796875 0.1203125 0.071875
2 0.24921875 0.6984375 0.1296875 0.065625
9 0.428125 0.43359375 0.646875 0.35625
12 0.80078125 0.70625 0.134375 0.078125
7 0.57265625 0.70859375 0.115625 0.06875
0 0.46171875 0.69296875 0.10625 0.065625
8 0.096875 0.70234375 0.140625 0.065625
6 0.35234375 0.69375 0.1078125 0.0625
11 0.6109375 0.309375 0.11875 0.078125
10 0.3859375 0.74921875 0.115625 0.0625