3 0.52265625 0.60546875 0.05390625 0.09453125
3 0.42578125 0.609375 0.05625 0.0921875
3 0.615625 0.58671875 0.05703125 0.09765625
5 0.4328125 0.75546875 0.065625 0.10078125
9 0.52421875 0.5859375 0.30234375 0.53125
5 0.52734375 0.75234375 0.071875 0.1078125
5 0.62421875 0.7515625 0.0640625 0.1015625
1 0.61484375 0.41953125 0.0578125 0.09765625
7 0.51484375 0.4296875 0.05546875 0.0953125
11 0.421875 0.44375 0.05625 0.09375
12 0.49609375 0.9546875 0.05 0.08984375
2 0.77421875 0.88125 0.02109375 0.0625
8 0.6578125 0.946875 0.05859375 0.10625