3 0.57421875 0.45390625 0.10390625 0.05625
3 0.74609375 0.45 0.10703125 0.059375
4 0.57578125 0.34921875 0.09765625 0.0578125
4 0.76015625 0.34921875 0.10859375 0.06171875
9 0.5859375 0.4453125 0.5453125 0.31328125
5 0.3953125 0.5359375 0.1234375 0.05859375
5 0.57421875 0.54140625 0.13203125 0.06640625
5 0.75 0.546875 0.11953125 0.06171875
10 0.39375 0.45 0.1015625 0.05546875
0 0.9625 0.44375 0.07421875 0.0546875
2 0.959375 0.54296875 0.08125 0.04921875
6 0.96171875 0.49609375 0.0765625 0.0546875
8 0.95625 0.6203125 0.0875 0.06875
7 0.97265625 0.3875 0.05390625 0.05859375
12 0.975 0.28359375 0.04609375 0.05390625
11 0.403125 0.34609375 0.09765625 0.0578125