5 0.453125 0.38125 0.1515625 0.0890625
5 0.24296875 0.415625 0.171875 0.0953125
2 0.81171875 0.32109375 0.146875 0.0890625
3 0.465625 0.4984375 0.134375 0.0828125
0 0.81015625 0.4609375 0.1328125 0.078125
4 0.50390625 0.6171875 0.1375 0.0875
1 0.82890625 0.59609375 0.14375 0.0875
9 0.31875 0.52578125 0.6375 0.4640625
8 0.74375 0.2421875 0.1359375 0.0921875
7 0.2671875 0.65078125 0.14375 0.084375
12 0.05078125 0.44296875 0.1015625 0.0890625
6 0.24609375 0.5203125 0.1296875 0.0796875
10 0.05234375 0.553125 0.1046875 0.0796875
11 0.075 0.6796875 0.1234375 0.084375