4 0.61328125 0.21015625 0.0734375 0.1203125
4 0.50390625 0.23125 0.0671875 0.1125
5 0.44453125 0.6 0.08125 0.1140625
9 0.53046875 0.4046875 0.384375 0.6203125
5 0.65546875 0.5828125 0.0828125 0.11875
5 0.54765625 0.590625 0.0890625 0.128125
4 0.40703125 0.25234375 0.06875 0.109375
0 0.63125 0.40078125 0.075 0.1125
6 0.52890625 0.42890625 0.071875 0.1109375
10 0.42109375 0.43828125 0.06875 0.10625
12 0.5328125 0.821875 0.0796875 0.121875
8 0.73125 0.7515625 0.7390625 0.765625 0.740625 0.7796875 0.7390625 0.78125 0.7375 0.8375 0.734375 0.84375 0.7359375 0.8546875 0.7328125 0.8671875 0.728125 0.86875 0.721875 0.8625 0.721875 0.859375 0.7109375 0.8453125 0.70625 0.834375 0.7 0.828125 0.7 0.825 0.696875 0.8234375 0.6890625 0.8078125 0.6828125 0.803125 0.6828125 0.796875 0.678125 0.7875 0.6796875 0.78125 0.684375 0.7796875 0.6875 0.775 0.69375 0.7734375 0.6953125 0.76875 0.703125 0.7671875 0.709375 0.7609375 0.7203125 0.7578125 0.725 0.7515625 0.7296875 0.7515625