0 0.5734375 0.70078125 0.0953125 0.06875
3 0.52421875 0.5625 0.1015625 0.0671875
2 0.39375 0.74375 0.10625 0.075
5 0.36875 0.5921875 0.1046875 0.071875
4 0.68671875 0.5390625 0.1078125 0.0703125
1 0.7515625 0.6671875 0.1015625 0.0703125
9 0.51484375 0.47265625 0.5609375 0.3640625
12 0.33046875 0.4078125 0.1078125 0.0796875
7 0.66328125 0.44375 0.1015625 0.065625
11 0.64296875 0.3546875 0.103125 0.0703125
6 0.49140625 0.47578125 0.1 0.0640625
10 0.47578125 0.38203125 0.0984375 0.065625
8 0.35 0.50078125 0.10625 0.0734375