5 0.66953125 0.63828125 0.1359375 0.0796875
3 0.69921875 0.54921875 0.11875 0.0734375
3 0.325 0.48359375 0.1234375 0.078125
4 0.340625 0.375 0.128125 0.0828125
4 0.53984375 0.41015625 0.1125 0.078125
5 0.48125 0.61015625 0.1546875 0.0859375
5 0.29453125 0.58203125 0.140625 0.0828125
3 0.50859375 0.5203125 0.115625 0.0734375
9 0.5046875 0.503125 0.6453125 0.4234375
2 0.0546875 0.5390625 0.109375 0.084375
1 0.065625 0.30703125 0.09375 0.0734375
0 0.071875 0.42734375 0.1265625 0.075
12 0.0875 0.246875 0.121875 0.0875
7 0.06640625 0.36640625 0.1125 0.078125
11 0.7265625 0.44296875 0.1265625 0.0796875
8 0.04921875 0.615625 0.0984375 0.090625
6 0.065625 0.48515625 0.115625 0.071875