4 0.628125 0.39765625 0.0734375 0.115625
5 0.41015625 0.621875 0.0703125 0.1359375
4 0.61953125 0.20859375 0.0671875 0.1140625
5 0.40703125 0.22265625 0.065625 0.140625
4 0.6375 0.60859375 0.0765625 0.1234375
5 0.4078125 0.41875 0.071875 0.1515625
9 0.5234375 0.41640625 0.38125 0.6453125
2 0.29765625 0.9609375 0.0765625 0.078125
12 0.27265625 0.3484375 0.075 0.1296875
6 0.50625 0.40546875 0.0734375 0.1234375
0 0.51796875 0.60703125 0.06875 0.1203125
8 0.403125 0.978125 0.075 0.04375
11 0.65 0.93515625 0.078125 0.1265625
10 0.50390625 0.20234375 0.0640625 0.115625
8 0.271875 0.68828125 0.071875 0.1203125