3 0.33046875 0.475 0.1359375 0.0828125
3 0.5375 0.4828125 0.121875 0.0734375
4 0.53671875 0.6078125 0.1203125 0.0796875
4 0.31640625 0.59609375 0.1328125 0.0828125
9 0.52734375 0.49609375 0.6828125 0.434375
5 0.74140625 0.39453125 0.146875 0.0796875
5 0.5359375 0.37578125 0.1578125 0.0890625
5 0.3296875 0.3578125 0.1453125 0.0828125
12 0.040625 0.67109375 0.08125 0.0890625
0 0.05703125 0.4703125 0.1140625 0.075
10 0.74765625 0.496875 0.125 0.0765625
11 0.74375 0.61875 0.134375 0.071875
2 0.06640625 0.3453125 0.109375 0.078125
1 0.02890625 0.60078125 0.0578125 0.0703125
7 0.04296875 0.53671875 0.0859375 0.0765625
6 0.059375 0.40625 0.1109375 0.075
8 0.0703125 0.25546875 0.109375 0.096875