5 0.734375 0.4703125 0.10703125 0.05234375
9 0.58046875 0.5578125 0.48203125 0.2734375
4 0.7265625 0.64140625 0.09296875 0.053125
2 0.9703125 0.4734375 0.05625 0.04765625
0 0.96015625 0.56875 0.07890625 0.046875
3 0.72421875 0.55234375 0.0921875 0.04921875
12 0.428125 0.46484375 0.10078125 0.05390625
1 0.953125 0.6671875 0.09375 0.05234375
11 0.4125 0.628125 0.078125 0.04765625
10 0.41953125 0.540625 0.08828125 0.04921875
7 0.5625 0.63359375 0.0890625 0.05078125
6 0.5734375 0.5421875 0.08671875 0.04921875
8 0.58203125 0.46875 0.10390625 0.05