0 0.46484375 0.7359375 0.0875 0.0625
2 0.63515625 0.72890625 0.096875 0.06875
3 0.475 0.6 0.09375 0.0625
9 0.46171875 0.51796875 0.5234375 0.3390625
5 0.61953125 0.5875 0.0953125 0.06875
1 0.29609375 0.75078125 0.09375 0.065625
4 0.3234375 0.61953125 0.0984375 0.0640625
11 0.31796875 0.44609375 0.0953125 0.0640625
12 0.6078125 0.41484375 0.0984375 0.06875
10 0.47578125 0.42734375 0.09375 0.0609375
8 0.61796875 0.50078125 0.1 0.0703125
7 0.321875 0.52890625 0.0921875 0.059375
6 0.4828125 0.5140625 0.0890625 0.0578125