9 0.58359375 0.2765625 0.3859375 0.553125
3 0.496875 0.2203125 0.071875 0.1125
5 0.60546875 0.0546875 0.0875 0.1
5 0.50078125 0.04765625 0.0765625 0.0953125
3 0.59921875 0.21015625 0.065625 0.10625
5 0.7109375 0.06015625 0.078125 0.0921875
3 0.70625 0.2140625 0.071875 0.109375
0 0.2828125 0.1578125 0.0734375 0.1171875
1 0.4859375 0.4140625 0.0734375 0.1140625
11 0.69921875 0.40078125 0.08125 0.11875
7 0.59921875 0.409375 0.075 0.1109375
6 0.2875 0.34765625 0.06875 0.10625
10 0.2953125 0.015625 0.059375 0.03125