3 0.51875 0.39375 0.0578125 0.096875
3 0.421875 0.39296875 0.059375 0.09375
3 0.6125 0.409375 0.0609375 0.1
5 0.42421875 0.246875 0.06875 0.103125
9 0.52109375 0.41328125 0.3203125 0.5421875
5 0.51875 0.246875 0.075 0.1109375
5 0.615625 0.24453125 0.0671875 0.103125
1 0.61796875 0.5765625 0.0609375 0.1
7 0.5171875 0.56953125 0.059375 0.096875
11 0.42421875 0.55859375 0.059375 0.0953125
12 0.48046875 0.04609375 0.053125 0.0921875
2 0.7609375 0.109375 0.0234375 0.0625
8 0.6421875 0.05078125 0.0625 0.1015625