5 0.60625 0.559375 0.146875 0.1
3 0.203125 0.53125 0.1296875 0.0875
5 0.41484375 0.59140625 0.159375 0.103125
3 0.5828125 0.45546875 0.128125 0.090625
4 0.58359375 0.33828125 0.1375 0.0984375
4 0.38203125 0.3796875 0.1234375 0.090625
9 0.409375 0.48515625 0.696875 0.5109375
2 0.84609375 0.5125 0.1265625 0.096875
3 0.39765625 0.496875 0.1234375 0.0875
5 0.22421875 0.62265625 0.146875 0.096875
12 0.85859375 0.196875 0.1484375 0.1015625
1 0.88515625 0.25859375 0.13125 0.0890625
7 0.86640625 0.325 0.146875 0.1015625
0 0.83984375 0.39296875 0.1265625 0.084375
10 0.93515625 0.41875 0.1265625 0.090625
8 0.85390625 0.59453125 0.13125 0.1015625
6 0.8375 0.45390625 0.1203125 0.084375
11 0.18984375 0.41640625 0.1359375 0.09375