3 0.175 0.56640625 0.12734375 0.06328125
4 0.575 0.4296875 0.12734375 0.071875
4 0.36171875 0.440625 0.1203125 0.06875
3 0.5828125 0.5453125 0.1234375 0.0671875
3 0.3828125 0.56015625 0.11953125 0.0640625
5 0.60625 0.6578125 0.13515625 0.06953125
5 0.19296875 0.66796875 0.14140625 0.06796875
5 0.39765625 0.66171875 0.15078125 0.07265625
2 0.8703125 0.640625 0.121875 0.07421875
9 0.3875 0.5484375 0.66875 0.37734375
12 0.86640625 0.33046875 0.1421875 0.07578125
0 0.85390625 0.521875 0.121875 0.06328125
1 0.89140625 0.39453125 0.1328125 0.0703125
7 0.8765625 0.45703125 0.12578125 0.065625
6 0.8578125 0.5828125 0.11796875 0.0625
0 0.95 0.5625 0.1 0.065625
8 0.87890625 0.72578125 0.12578125 0.08125
11 0.1546875 0.45 0.1390625 0.065625