3 0.40078125 0.3375 0.0734375 0.115625
3 0.41171875 0.509375 0.06875 0.1078125
5 0.3390625 0.6890625 0.0765625 0.1328125
5 0.321875 0.51015625 0.0828125 0.140625
5 0.30234375 0.3328125 0.0765625 0.1265625
9 0.42109375 0.50078125 0.3890625 0.60625
11 0.5296875 0.6859375 0.06875 0.11875
1 0.50234375 0.328125 0.0703125 0.1125
12 0.203125 0.584375 0.078125 0.1171875
7 0.51796875 0.5125 0.0671875 0.1109375
10 0.428125 0.6921875 0.0671875 0.1109375
8 0.17265625 0.28203125 0.0765625 0.1140625
1 0.1875 0.05703125 0.046875 0.046875