4 0.72421875 0.6 0.15390625 0.090625
3 0.73515625 0.446875 0.16015625 0.08828125
5 0.7203125 0.3015625 0.178125 0.08984375
5 0.94296875 0.309375 0.1140625 0.09296875
4 0.9640625 0.6 0.07109375 0.08828125
3 0.9578125 0.4421875 0.084375 0.0875
2 0.38984375 0.3046875 0.13828125 0.0953125
12 0.3390625 0.71015625 0.17578125 0.09609375
1 0.315625 0.62578125 0.146875 0.08359375
0 0.38046875 0.4625 0.14140625 0.07734375
9 0.7859375 0.453125 0.42734375 0.475
8 0.3890625 0.19609375 0.146875 0.109375
6 0.38359375 0.3828125 0.1390625 0.0796875
7 0.34453125 0.54453125 0.15546875 0.0875