0 0.53203125 0.684375 0.096875 0.0625
1 0.33828125 0.67421875 0.10625 0.0671875
12 0.7078125 0.3421875 0.1125 0.0765625
2 0.72109375 0.53984375 0.11875 0.06875
11 0.37265625 0.3296875 0.0984375 0.065625
7 0.37421875 0.4234375 0.103125 0.0625
2 0.3734375 0.528125 0.1109375 0.0625
3 0.54765625 0.528125 0.1046875 0.0609375
10 0.55390625 0.33515625 0.1 0.0625
8 0.71328125 0.4421875 0.1171875 0.0703125
6 0.5625 0.43359375 0.096875 0.059375
9 0.2562432828125 0.27421019062499996 0.263977378125 0.579518190625 0.8308446999999999 0.59168254375 0.8061481640625001 0.3012150828125 0.8049440375 0.30357117968749997 0.2562432828125 0.27421019062499996