4 0.74609375 0.453125 0.175 0.11875
3 0.50625 0.38359375 0.1625 0.1140625
3 0.41875 0.50234375 0.1515625 0.1046875
5 0.21796875 0.440625 0.1796875 0.1328125
5 0.28125 0.3109375 0.1734375 0.121875
11 0.5859375 0.70625 0.1578125 0.1171875
12 0.1359375 0.57265625 0.1578125 0.115625
7 0.66640625 0.58671875 0.16875 0.1171875
10 0.346875 0.63125 0.1484375 0.1046875
1 0.9046875 0.30703125 0.1453125 0.0546875
9 0 0.5839566390625001 0.672382025 0.8073520484375001 0.9378149234375 0.42653982187499995 0.1585351734375 0.184247446875 0 0.5628962140625 0 0.5839566390625001