9 0.4140625 0.4828125 0.5140625 0.365625
3 0.28515625 0.51484375 0.0984375 0.06875
5 0.39296875 0.40546875 0.1203125 0.0796875
2 0.0359375 0.5015625 0.071875 0.065625
4 0.30625 0.59375 0.0953125 0.06875
5 0.2578125 0.4421875 0.1109375 0.0734375
0 0.07109375 0.58515625 0.0953125 0.0625
12 0.53203125 0.36328125 0.1078125 0.075
1 0.109375 0.6671875 0.1015625 0.0671875
10 0.5578125 0.43203125 0.0921875 0.065625
8 0.040625 0.44140625 0.08125 0.0734375
6 0.41796875 0.46953125 0.0890625 0.0640625
7 0.45 0.55078125 0.090625 0.065625
11 0.58125 0.51171875 0.090625 0.0640625