3 0.47109375 0.35 0.078125 0.121875
3 0.453125 0.1578125 0.0765625 0.121875
5 0.57890625 0.34609375 0.078125 0.1328125
5 0.55234375 0.146875 0.0875 0.15625
0 0.55703125 0.725 0.0703125 0.1171875
9 0.44921875 0.246875 0.4078125 0.49375
2 0.728125 0.6625 0.0890625 0.13125
12 0.678125 0.059375 0.084375 0.11875
1 0.35703125 0.36875 0.078125 0.1265625
6 0.4453125 0.72109375 0.06875 0.1125
10 0.653125 0.696875 0.071875 0.1171875
2 0.72109375 0.37734375 0.0796875 0.1265625
7 0.33046875 0.16015625 0.084375 0.13125
4 0.51171875 0.009375 0.0234375 0.01875