9 0.4421875 0.440625 0.4453125 0.6984375
4 0.35859375 0.22109375 0.0796875 0.1203125
4 0.58203125 0.25859375 0.084375 0.13125
4 0.465625 0.23671875 0.0765625 0.1234375
2 0.68203125 0.909375 0.09375 0.15
5 0.51875 0.659375 0.0921875 0.1296875
5 0.29609375 0.6 0.09375 0.1296875
5 0.40859375 0.63046875 0.1046875 0.140625
7 0.72578125 0.71953125 0.0796875 0.1484375
12 0.32109375 0.86875 0.090625 0.1359375
11 0.759375 0.29453125 0.1015625 0.1578125
0 0.54296875 0.4609375 0.084375 0.128125
10 0.31875 0.425 0.0875 0.1296875
8 0.51015625 0.92109375 0.084375 0.1359375
6 0.42890625 0.453125 0.0890625 0.1390625