4 0.3125 0.246875 0.0890625 0.128125
4 0.3484375 0.43046875 0.09375 0.1265625
5 0.61875 0.59609375 0.096875 0.146875
4 0.39140625 0.63984375 0.096875 0.1359375
5 0.52421875 0.2078125 0.09375 0.146875
5 0.5703125 0.39765625 0.1 0.159375
9 0.45546875 0.42421875 0.5046875 0.70625
0 0.50703125 0.609375 0.0921875 0.1296875
2 0.80390625 0.90234375 0.0875 0.09375
12 0.68359375 0.29921875 0.096875 0.1375
6 0.47109375 0.40859375 0.090625 0.128125
8 0.71171875 0.94140625 0.08125 0.0578125
11 0.459375 0.94453125 0.103125 0.1109375
10 0.4234375 0.2109375 0.0875 0.128125
8 0.76796875 0.6265625 0.09375 0.128125