5 0.51015625 0.46796875 0.121875 0.065625
4 0.35390625 0.6484375 0.1 0.0640625
2 0.16484375 0.4875 0.0984375 0.0625
5 0.6671875 0.46015625 0.11875 0.065625
4 0.515625 0.6375 0.090625 0.059375
5 0.35625 0.475 0.1140625 0.0640625
9 0.50859375 0.55234375 0.5171875 0.3265625
3 0.3640625 0.55859375 0.0984375 0.059375
3 0.5140625 0.54453125 0.09375 0.05625
7 0.12421875 0.675 0.0984375 0.05625
0 0.16484375 0.5796875 0.096875 0.05625
12 0.1375 0.72421875 0.109375 0.0640625
8 0.165625 0.4234375 0.1 0.0640625
7 0.140625 0.6265625 0.1046875 0.0609375
10 0.67578125 0.53828125 0.1046875 0.0609375
11 0.66875 0.63203125 0.09375 0.0609375
6 0.1640625 0.5328125 0.0890625 0.053125
5 0.36875 0.45390625 0.0375 0.0203125