4 0.58515625 0.340625 0.128125 0.084375
3 0.40078125 0.47890625 0.1203125 0.084375
3 0.3859375 0.378125 0.1171875 0.0796875
5 0.225 0.41015625 0.140625 0.1015625
5 0.22265625 0.5171875 0.1296875 0.090625
4 0.59296875 0.4515625 0.13125 0.0875
5 0.22734375 0.30546875 0.1265625 0.090625
2 0.22578125 0.65078125 0.1359375 0.084375
12 0.74296875 0.584375 0.128125 0.09375
3 0.3875 0.2703125 0.1140625 0.0796875
0 0.4296875 0.61875 0.109375 0.0765625
1 0.6328125 0.6140625 0.1140625 0.0796875
7 0.52890625 0.61875 0.1296875 0.0890625
9 0.4078125 0.39296875 0.70625 0.4453125
8 0.09296875 0.67578125 0.1421875 0.0890625
10 0.35859375 0.68359375 0.125 0.084375
6 0.32890625 0.63359375 0.1125 0.0765625
11 0.57421875 0.2328125 0.109375 0.0875