0 0.41953125 0.64453125 0.10078125 0.06015625
1 0.63203125 0.63515625 0.103125 0.06015625
11 0.5703125 0.25 0.0984375 0.0578125
4 0.5859375 0.47265625 0.1140625 0.06171875
2 0.1953125 0.4765625 0.12109375 0.0734375
12 0.2 0.259375 0.11796875 0.07734375
3 0.39140625 0.47109375 0.109375 0.06171875
7 0.578125 0.35625 0.10546875 0.0640625
6 0.3703125 0.36171875 0.10625 0.0609375
8 0.19921875 0.36875 0.12265625 0.07421875
10 0.371875 0.25546875 0.1046875 0.0640625
9 0.09168333281249999 0.5432406546874999 0.7048979171875 0.53326401875 0.6720458328125 0.22165771093750003 0.0961395828125 0.2189766359375 0.09168333281249999 0.5432406546874999