4 0.5734375 0.52109375 0.0734375 0.10625
4 0.60234375 0.35390625 0.071875 0.1015625
5 0.45859375 0.16640625 0.075 0.125
5 0.39453125 0.490625 0.075 0.115625
5 0.42578125 0.33046875 0.0828125 0.134375
4 0.6296875 0.2 0.0703125 0.1078125
9 0.51484375 0.34921875 0.384375 0.5609375
2 0.25859375 0.746875 0.078125 0.1109375
7 0.33515625 0.79296875 0.0828125 0.121875
1 0.4796875 0.83359375 0.0828125 0.1234375
11 0.52578125 0.76328125 0.078125 0.11875
0 0.4828125 0.49921875 0.0671875 0.103125
6 0.50625 0.33828125 0.065625 0.0984375
12 0.32578125 0.2453125 0.0796875 0.1171875
2 0.2765625 0.5171875 0.0734375 0.103125
10 0.5390625 0.1703125 0.06875 0.109375