9 0.3734375 0.49921875 0.4015625 0.71875
4 0.3640625 0.7125 0.0796875 0.125
4 0.4875 0.69453125 0.0875 0.134375
4 0.265625 0.725 0.053125 0.115625
1 0.7234375 0.57578125 0.1046875 0.1625
2 0.609375 0.05703125 0.1 0.1140625
5 0.3109375 0.303125 0.1078125 0.146875
5 0.42890625 0.27578125 0.096875 0.1359375
7 0.659375 0.22421875 0.1015625 0.159375
0 0.45234375 0.48203125 0.0890625 0.1328125
11 0.67421875 0.6640625 0.1 0.1546875
5 0.21328125 0.32734375 0.0578125 0.11875
12 0.23125 0.0796875 0.090625 0.1015625
6 0.3296875 0.4875 0.0859375 0.128125
10 0.23359375 0.50546875 0.05 0.13125
8 0.4296875 0.04375 0.0796875 0.0828125