3 0.253125 0.4984375 0.096875 0.0546875
3 0.40625 0.49375 0.0921875 0.053125
9 0.40078125 0.5015625 0.509375 0.3
4 0.2484375 0.5859375 0.096875 0.0578125
5 0.240625 0.41015625 0.1109375 0.0609375
5 0.4015625 0.41640625 0.1234375 0.0625
12 0.565625 0.41640625 0.1109375 0.059375
10 0.56953125 0.49609375 0.096875 0.053125
11 0.56875 0.58828125 0.0953125 0.05625
0 0.0296875 0.5078125 0.059375 0.046875
1 0.03671875 0.60078125 0.0734375 0.0515625
7 0.4140625 0.58671875 0.0921875 0.05625
6 0.034375 0.45703125 0.0671875 0.0484375
2 0.0234375 0.41328125 0.040625 0.0359375
8 0.03828125 0.34609375 0.0640625 0.0546875