2 0.2125 0.48515625 0.1140625 0.0671875
3 0.52265625 0.5859375 0.1125 0.0671875
5 0.51484375 0.48515625 0.128125 0.0703125
5 0.69453125 0.484375 0.140625 0.0765625
1 0.2265625 0.721875 0.1203125 0.071875
3 0.696875 0.5765625 0.109375 0.065625
0 0.221875 0.60546875 0.109375 0.0640625
9 0.68515625 0.5828125 0.596875 0.3703125
4 0.5078125 0.69375 0.1125 0.0703125
12 0.8875 0.48203125 0.1359375 0.06875
8 0.25546875 0.409375 0.1140625 0.0703125
11 0.8875 0.68359375 0.11875 0.06875
6 0.24375 0.5421875 0.1046875 0.0609375
7 0.70703125 0.6875 0.1203125 0.06875
10 0.8890625 0.57421875 0.1125 0.065625