9 0.26171875 0.4109375 0.5234375 0.55
3 0.32265625 0.41640625 0.171875 0.109375
3 0.07578125 0.36875 0.1265625 0.1015625
4 0.04921875 0.53125 0.0984375 0.1
5 0.35859375 0.265625 0.1875 0.1171875
5 0.1109375 0.23359375 0.1640625 0.115625
4 0.309375 0.571875 0.1703125 0.1140625
12 0.6875 0.746875 0.19375 0.1265625
0 0.68515625 0.4859375 0.159375 0.1015625
1 0.72578125 0.66328125 0.1734375 0.1125
2 0.7078125 0.3234375 0.1546875 0.1171875
7 0.7109375 0.57578125 0.171875 0.1109375
6 0.6953125 0.40390625 0.1578125 0.1015625
8 0.725 0.21328125 0.16875 0.134375