3 0.7390625 0.40703125 0.1125 0.06015625
4 0.7484375 0.303125 0.11171875 0.06328125
9 0.56796875 0.40234375 0.56953125 0.321875
5 0.75078125 0.509375 0.12734375 0.0640625
10 0.37421875 0.41640625 0.10703125 0.0578125
11 0.37265625 0.3078125 0.1046875 0.06328125
6 0.56015625 0.41640625 0.10078125 0.05703125
7 0.55234375 0.3046875 0.1015625 0.06171875
8 0.5640625 0.50859375 0.1296875 0.0625
12 0.38359375 0.5078125 0.1296875 0.06015625
1 0.98046875 0.2765625 0.03671875 0.0609375
0 0.98671875 0.39609375 0.0265625 0.04453125