4 0.7375 0.59375 0.1140625 0.078125
3 0.759375 0.48203125 0.1109375 0.0703125
4 0.54453125 0.56015625 0.121875 0.0796875
3 0.57890625 0.45546875 0.11875 0.075
5 0.946875 0.428125 0.10625 0.078125
5 0.59296875 0.35546875 0.1328125 0.0796875
5 0.77578125 0.39296875 0.146875 0.0875
3 0.94375 0.51875 0.1125 0.071875
2 0.359375 0.3140625 0.109375 0.08125
12 0.25078125 0.59375 0.1375 0.0828125
9 0.70859375 0.4859375 0.5828125 0.43125
1 0.24921875 0.528125 0.1125 0.06875
0 0.3265625 0.42578125 0.1109375 0.06875
8 0.3765625 0.2390625 0.1171875 0.0875
7 0.28515625 0.4765625 0.128125 0.0828125
11 0.92421875 0.6234375 0.134375 0.0765625
10 0.246875 0.36796875 0.1171875 0.0765625
6 0.34453125 0.3703125 0.1078125 0.0703125