3 0.6046875 0.52109375 0.121875 0.0703125
4 0.80546875 0.52265625 0.125 0.071875
0 0.62421875 0.6921875 0.1078125 0.06875
2 0.4046875 0.71015625 0.11875 0.078125
9 0.6125 0.4171875 0.628125 0.3609375
4 0.415625 0.5328125 0.1140625 0.071875
1 0.8453125 0.6828125 0.121875 0.075
11 0.8109375 0.29296875 0.125 0.0734375
12 0.41875 0.30625 0.11875 0.08125
8 0.41484375 0.421875 0.121875 0.0765625
10 0.59609375 0.30078125 0.1171875 0.0703125
7 0.80859375 0.40390625 0.1203125 0.0671875
6 0.58984375 0.41484375 0.1109375 0.0640625