3 0.71875 0.46171875 0.109375 0.05703125
2 0.72421875 0.36171875 0.11796875 0.0640625
12 0.36328125 0.378125 0.1203125 0.06328125
7 0.734375 0.5625 0.1078125 0.06015625
9 0.56015625 0.4671875 0.54921875 0.31484375
1 0.9765625 0.5796875 0.04609375 0.0546875
0 0.978125 0.46796875 0.0421875 0.05625
11 0.3734375 0.565625 0.10703125 0.05546875
8 0.54296875 0.37109375 0.11640625 0.0640625
7 0.54140625 0.5640625 0.10078125 0.0546875
0 0.36328125 0.465625 0.1015625 0.05703125
6 0.5390625 0.4578125 0.0953125 0.05546875