3 0.45859375 0.6515625 0.0859375 0.1296875
3 0.41015625 0.4546875 0.084375 0.128125
4 0.571875 0.62109375 0.090625 0.1359375
3 0.36640625 0.24296875 0.0859375 0.1375
4 0.52734375 0.4109375 0.0875 0.128125
4 0.484375 0.21953125 0.0859375 0.134375
9 0.4203125 0.46015625 0.490625 0.7421875
0 0.4875 0.94453125 0.078125 0.1109375
2 0.34296875 0.69375 0.0984375 0.1453125
12 0.26015625 0.275 0.1015625 0.15625
7 0.54921875 0.91484375 0.1046875 0.1703125
8 0.3046875 0.484375 0.1015625 0.153125
11 0.6328125 0.92265625 0.0921875 0.1328125