3 0.690625 0.4359375 0.08515625 0.0453125
3 0.83515625 0.44609375 0.08359375 0.04296875
4 0.6578125 0.51484375 0.09375 0.0515625
4 0.81015625 0.53125 0.09140625 0.05078125
5 0.85 0.37421875 0.103125 0.05390625
5 0.70390625 0.359375 0.09296875 0.04921875
9 0.7796875 0.45234375 0.43984375 0.3015625
5 0.97421875 0.39375 0.04765625 0.04140625
12 0.44921875 0.55 0.0875 0.04765625
2 0.52890625 0.33828125 0.07265625 0.04453125
1 0.440625 0.5046875 0.0796875 0.04296875
8 0.54609375 0.2828125 0.08359375 0.0515625
7 0.46875 0.465625 0.09140625 0.0515625
11 0.953125 0.54609375 0.090625 0.0484375
10 0.971875 0.4609375 0.05234375 0.0484375
0 0.5 0.4265625 0.0765625 0.040625
6 0.51484375 0.38359375 0.0734375 0.0421875