5 0.20390625 0.66875 0.20234375 0.09765625
5 0.48125 0.678125 0.18515625 0.09296875
9 0.32109375 0.521875 0.63515625 0.4953125
6 0.1890625 0.53046875 0.171875 0.08828125
0 0.4625 0.5234375 0.15703125 0.08671875
12 0.09140625 0.85703125 0.17890625 0.1046875
1 0.4703125 0.35859375 0.1703125 0.0890625
2 0.94140625 0.85390625 0.10703125 0.1125
4 0.01484375 0.63125 0.0265625 0.028125
8 0.48125 0.8484375 0.5171875 0.840625 0.546875 0.8390625 0.5734375 0.834375 0.596875 0.834375 0.615625 0.8296875 0.6328125 0.8296875 0.6359375 0.8328125 0.634375 0.85 0.6328125 0.85625 0.6296875 0.8578125 0.6265625 0.8703125 0.6171875 0.88125 0.6140625 0.8921875 0.6109375 0.89375 0.6078125 0.9015625 0.5984375 0.9109375 0.5890625 0.93125 0.5828125 0.9375 0.5734375 0.9421875 0.5609375 0.940625 0.5484375 0.934375 0.5203125 0.9078125 0.515625 0.90625 0.5078125 0.8984375 0.5 0.8953125 0.4984375 0.8921875 0.478125 0.878125 0.475 0.878125 0.471875 0.871875 0.46875 0.8703125 0.46875 0.8640625 0.4734375 0.8609375 0.4734375 0.8578125 0.48125 0.85
7 0.1078125 0.315625 0.109375 0.3171875 0.1109375 0.315625 0.2296875 0.3171875 0.2578125 0.3265625 0.259375 0.3328125 0.2640625 0.3359375 0.2640625 0.3453125 0.2609375 0.346875 0.2609375 0.3515625 0.2640625 0.353125 0.265625 0.3578125 0.2640625 0.396875 0.2578125 0.403125 0.240625 0.403125 0.2328125 0.40625 0.184375 0.4046875 0.1828125 0.403125 0.15 0.4046875 0.140625 0.4015625 0.125 0.4015625 0.1 0.3953125 0.096875 0.390625 0.096875 0.334375 0.1 0.31875 0.10625 0.315625