9 0.5109375 0.3375 0.3125 0.53125
4 0.41875 0.18046875 0.05625 0.0984375
4 0.421875 0.33828125 0.0578125 0.0921875
5 0.60703125 0.50703125 0.05625 0.1078125
4 0.4265625 0.5078125 0.0578125 0.1
2 0.7015625 0.778125 0.0625 0.1015625
5 0.6 0.34296875 0.0640625 0.125
5 0.59609375 0.175 0.0578125 0.121875
7 0.61875 0.8125 0.0640625 0.1125
1 0.46953125 0.83125 0.0671875 0.115625
12 0.7125 0.27109375 0.065625 0.115625
11 0.4359375 0.7546875 0.0625 0.1125
10 0.5125 0.16875 0.059375 0.1078125
0 0.51796875 0.5015625 0.0546875 0.096875
8 0.7203125 0.55 0.0578125 0.0953125
6 0.52109375 0.34140625 0.0546875 0.0921875