5 0.67890625 0.36796875 0.14375 0.0953125
5 0.4953125 0.4203125 0.15625 0.1
5 0.31171875 0.4734375 0.1453125 0.0921875
9 0.53515625 0.5140625 0.6703125 0.475
0 0.70625 0.4671875 0.128125 0.0859375
6 0.521875 0.5109375 0.1265625 0.0875
1 0.75078125 0.5671875 0.13125 0.090625
12 0.3703125 0.3171875 0.128125 0.090625
10 0.334375 0.56640625 0.11875 0.08125
2 0.92109375 0.2 0.0484375 0.0484375
8 0.6828125 0.22265625 0.128125 0.09375
11 0.3765625 0.66953125 0.1171875 0.08125
7 0.55546875 0.6203125 0.1203125 0.0875