3 0.434375 0.56796875 0.0734375 0.1125
4 0.50625 0.77734375 0.075 0.1171875
4 0.5796875 0.4125 0.08125 0.121875
4 0.540625 0.60390625 0.0796875 0.115625
3 0.47578125 0.38828125 0.075 0.11875
3 0.4015625 0.7578125 0.071875 0.1171875
9 0.4484375 0.56171875 0.4359375 0.6625
0 0.4984375 0.10703125 0.071875 0.1109375
2 0.36953125 0.35546875 0.0859375 0.13125
12 0.30625 0.728125 0.0890625 0.14375
11 0.634375 0.11953125 0.0875 0.140625
8 0.3390625 0.5421875 0.0875 0.1359375
7 0.55390625 0.13671875 0.09375 0.1515625
10 0.53046875 0.028125 0.0640625 0.05625
6 0.475 0.028125 0.065625 0.05625