5 0.70078125 0.39140625 0.121875 0.07265625
5 0.68125 0.61328125 0.1171875 0.0796875
5 0.68984375 0.5015625 0.13046875 0.084375
9 0.503125 0.49765625 0.625 0.34296875
4 0.30859375 0.38671875 0.11953125 0.065625
10 0.5078125 0.615625 0.11875 0.06875
12 0.93359375 0.553125 0.12734375 0.0703125
6 0.51875 0.5015625 0.11484375 0.06328125
11 0.30625 0.61171875 0.1125 0.06796875
0 0.51015625 0.39296875 0.11328125 0.065625
7 0.3046875 0.5015625 0.115625 0.06328125
8 0.9453125 0.36171875 0.10859375 0.0625
0 0.87734375 0.22890625 0.05390625 0.01875