4 0.61640625 0.43046875 0.1375 0.09375
3 0.41640625 0.47578125 0.1328125 0.0921875
4 0.63046875 0.54921875 0.1328125 0.0890625
3 0.421875 0.58828125 0.1296875 0.0875
5 0.2234375 0.5109375 0.134375 0.1
2 0.2078125 0.365625 0.140625 0.0921875
5 0.24765625 0.621875 0.14375 0.1125
5 0.27109375 0.73203125 0.1328125 0.1046875
3 0.44375 0.70078125 0.128125 0.09375
0 0.4171875 0.321875 0.11875 0.0890625
9 0.44375 0.58046875 0.71875 0.4984375
12 0.746875 0.2328125 0.14375 0.1015625
7 0.52265625 0.28125 0.125 0.09375
1 0.63203125 0.2484375 0.13125 0.0984375
10 0.32890625 0.284375 0.1234375 0.0859375
6 0.309375 0.34609375 0.1171875 0.0859375
8 0.06953125 0.3953125 0.1390625 0.096875
11 0.6484375 0.6625 0.128125 0.1