5 0.68203125 0.42421875 0.13125 0.0953125
5 0.59609375 0.62421875 0.125 0.0984375
5 0.63984375 0.5234375 0.1390625 0.1078125
9 0.46953125 0.47421875 0.6796875 0.4734375
0 0.503125 0.38125 0.121875 0.0875
1 0.31875 0.32578125 0.1265625 0.0890625
10 0.43359375 0.584375 0.125 0.0890625
12 0.85 0.6296875 0.1328125 0.09375
11 0.24609375 0.53125 0.1203125 0.0875
8 0.9265625 0.4609375 0.1296875 0.090625
7 0.278125 0.43203125 0.1265625 0.0875
6 0.47734375 0.48359375 0.1125 0.0796875
2 0.90625 0.31875 0.071875 0.0390625