3 0.49765625 0.49453125 0.1140625 0.0609375
3 0.6890625 0.50078125 0.12109375 0.0640625
4 0.49140625 0.6109375 0.109375 0.0640625
3 0.2953125 0.49609375 0.12109375 0.0609375
4 0.70078125 0.61328125 0.12109375 0.0671875
5 0.69921875 0.39609375 0.1390625 0.06875
5 0.5015625 0.3984375 0.14296875 0.06875
5 0.30390625 0.40078125 0.13671875 0.0640625
9 0.50703125 0.50703125 0.61015625 0.3453125
2 0.94375 0.39921875 0.1125 0.07109375
0 0.94375 0.51640625 0.1125 0.0609375
12 0.959375 0.70078125 0.08046875 0.0703125
7 0.95703125 0.575 0.0859375 0.06640625
6 0.94375 0.45703125 0.1125 0.0609375
11 0.29375 0.60859375 0.1203125 0.065625
8 0.9421875 0.32109375 0.11484375 0.075
1 0.9703125 0.63359375 0.0578125 0.059375