4 0.609375 0.3453125 0.084375 0.13125
4 0.621875 0.55546875 0.0796875 0.115625
4 0.63125 0.7390625 0.075 0.11875
5 0.38046875 0.35703125 0.0796875 0.140625
5 0.421875 0.75078125 0.0765625 0.14375
5 0.40234375 0.55546875 0.0828125 0.15625
9 0.515625 0.54140625 0.421875 0.6609375
3 0.49296875 0.35859375 0.075 0.1203125
12 0.275 0.6421875 0.0828125 0.13125
3 0.5 0.56015625 0.0765625 0.1203125
3 0.51953125 0.7578125 0.0734375 0.1234375
11 0.58828125 0.0421875 0.0859375 0.084375
8 0.2359375 0.30546875 0.0828125 0.1265625
0 0.246875 0.04296875 0.05625 0.0484375