3 0.528125 0.7453125 0.084375 0.1203125
3 0.49453125 0.5640625 0.0828125 0.1203125
5 0.39453125 0.5703125 0.084375 0.13125
5 0.434375 0.74921875 0.096875 0.153125
9 0.540625 0.69765625 0.459375 0.6046875
5 0.478125 0.93203125 0.0875 0.1359375
2 0.23046875 0.27109375 0.096875 0.128125
1 0.60078125 0.5484375 0.0859375 0.1234375
0 0.38203125 0.20546875 0.08125 0.1171875
10 0.56953125 0.93515625 0.0890625 0.1296875
7 0.6421875 0.7453125 0.0859375 0.1296875
6 0.48984375 0.20703125 0.078125 0.1125
12 0.33203125 0.8390625 0.09375 0.1390625
11 0.6765625 0.91875 0.08125 0.115625
8 0.26171875 0.53359375 0.0921875 0.121875