5 0.68828125 0.13984375 0.084375 0.1296875
3 0.56640625 0.31875 0.06796875 0.11171875
3 0.45078125 0.328125 0.07421875 0.1234375
5 0.565625 0.13125 0.090625 0.13671875
5 0.4453125 0.1203125 0.07734375 0.12890625
3 0.68828125 0.32890625 0.075 0.115625
9 0.55859375 0.3328125 0.36171875 0.65703125
11 0.684375 0.540625 0.0765625 0.11484375
1 0.44296875 0.53671875 0.0703125 0.11640625
0 0.23515625 0.246875 0.03828125 0.1171875
7 0.56953125 0.54296875 0.0703125 0.1171875
6 0.240625 0.453125 0.0484375 0.11015625
10 0.23984375 0.0609375 0.04296875 0.1203125