0 0.91953125 0.55390625 0.121875 0.0640625
1 0.9125 0.4328125 0.1265625 0.065625
2 0.61484375 0.66640625 0.1296875 0.0734375
12 0.22109375 0.64609375 0.1390625 0.0734375
11 0.22578125 0.4390625 0.121875 0.0640625
7 0.61796875 0.4484375 0.1171875 0.0671875
7 0.41015625 0.4421875 0.115625 0.0640625
3 0.60546875 0.55625 0.11875 0.0671875
8 0.4171875 0.6546875 0.1265625 0.0734375
6 0.4125 0.559375 0.1078125 0.0625
0 0.2234375 0.54921875 0.1171875 0.0671875
9 0.735259628125 0.38103750625 0.1345740390625 0.37372129374999996 0.1352087125 0.7023758953125 0.736655340625 0.7286706484375001 0.735259628125 0.38103750625