5 0.58671875 0.61875 0.140625 0.1
5 0.603125 0.3796875 0.1359375 0.1046875
5 0.59375 0.49921875 0.1484375 0.1125
3 0.3828125 0.5765625 0.1375 0.09375
9 0.39453125 0.46640625 0.7375 0.490625
11 0.20234375 0.30078125 0.1359375 0.0984375
7 0.18046875 0.4171875 0.140625 0.09375
1 0.16171875 0.54375 0.140625 0.0953125
12 0.84921875 0.49140625 0.14375 0.0984375
10 0.42109375 0.34140625 0.1359375 0.0953125
6 0.41171875 0.4625 0.1359375 0.090625
8 0.83828125 0.69375 0.1390625 0.0921875
0 0.74296875 0.8234375 0.0578125 0.028125