9 0.41953125 0.45234375 0.4796875 0.3421875
4 0.5328125 0.3484375 0.090625 0.0640625
5 0.2859375 0.48671875 0.1015625 0.0796875
3 0.39765625 0.38359375 0.0875 0.065625
5 0.26875 0.409375 0.0921875 0.071875
2 0.240625 0.29140625 0.0828125 0.0515625
0 0.390625 0.259375 0.08125 0.0609375
10 0.4203125 0.5375 0.0859375 0.0640625
1 0.53984375 0.228125 0.0859375 0.0671875
7 0.5453125 0.42890625 0.090625 0.0640625
11 0.55546875 0.503125 0.0859375 0.0625
12 0.2984375 0.56484375 0.0953125 0.071875
6 0.40078125 0.46015625 0.08125 0.0578125
8 0.1453125 0.3234375 0.1015625 0.06875