3 0.5578125 0.50859375 0.121875 0.06640625
5 0.7328125 0.384375 0.12109375 0.0765625
3 0.53359375 0.3953125 0.1234375 0.0703125
5 0.73828125 0.5015625 0.1328125 0.0875
4 0.3390625 0.51796875 0.12265625 0.06484375
4 0.32421875 0.39609375 0.12890625 0.0703125
9 0.53046875 0.50390625 0.66796875 0.3703125
0 0.48984375 0.234375 0.1046875 0.03125
10 0.56484375 0.6296875 0.12109375 0.06953125
12 0.7546875 0.621875 0.13046875 0.08359375
2 0.25703125 0.24140625 0.1171875 0.04453125
11 0.35078125 0.6328125 0.12265625 0.0734375
6 0.61015625 0.23671875 0.1078125 0.034375
8 0.84296875 0.2359375 0.05703125 0.03203125
2 0.6984375 0.22734375 0.03828125 0.01640625