5 0.56640625 0.64453125 0.1921875 0.1078125
5 0.3265625 0.61796875 0.171875 0.1015625
3 0.35078125 0.49140625 0.1578125 0.0953125
9 0.5796875 0.51640625 0.778125 0.496875
4 0.35703125 0.3578125 0.15 0.0953125
11 0.84375 0.41328125 0.15 0.09375
12 0.815625 0.675 0.1875 0.10625
1 0.05859375 0.29609375 0.08125 0.0859375
7 0.60703125 0.38515625 0.1453125 0.09375
0 0.034375 0.43984375 0.0671875 0.075
10 0.83125 0.55390625 0.1546875 0.0921875
7 0.0125 0.56796875 0.025 0.0421875
8 0.03203125 0.6796875 0.0640625 0.0875
6 0.578125 0.490625 0.6125 0.4953125 0.621875 0.5015625 0.6265625 0.5015625 0.6453125 0.521875 0.64375 0.5234375 0.646875 0.525 0.6484375 0.5296875 0.6453125 0.546875 0.6421875 0.546875 0.6390625 0.553125 0.628125 0.55625 0.625 0.559375 0.6015625 0.5640625 0.575 0.5625 0.56875 0.559375 0.55 0.55625 0.525 0.5359375 0.5234375 0.515625 0.525 0.5078125 0.528125 0.5046875 0.5390625 0.496875 0.553125 0.49375 0.56875 0.49375 0.5765625 0.490625