5 0.13984375 0.35078125 0.22734375 0.1078125
5 0.81171875 0.35 0.22578125 0.11484375
5 0.47265625 0.35 0.2546875 0.11953125
11 0.09609375 0.71171875 0.1921875 0.11015625
3 0.7875 0.534375 0.2078125 0.109375
12 0.34296875 0.1203125 0.2109375 0.125
7 0.43125 0.72421875 0.190625 0.11796875
1 0.7953125 0.73515625 0.20078125 0.12578125
10 0.1125 0.5171875 0.203125 0.1015625
8 0.909375 0.109375 0.18125 0.13515625
6 0.4578125 0.515625 0.19453125 0.1078125
9 0.0196155078125 0.23032339999999998 0 0.8022686921875 0.983975 0.855617990625 0.9916895828125 0.23849883125 0.0196155078125 0.23032339999999998