0 0.590625 0.24375 0.09609375 0.05078125
3 0.59921875 0.39921875 0.1046875 0.05859375
4 0.421875 0.39140625 0.10859375 0.06015625
9 0.58828125 0.49140625 0.5625 0.30546875
1 0.39296875 0.2453125 0.1 0.05390625
12 0.75078125 0.5984375 0.1140625 0.0703125
2 0.7796875 0.396875 0.11484375 0.06484375
11 0.415625 0.59453125 0.09765625 0.05859375
8 0.76328125 0.496875 0.1203125 0.06640625
10 0.5953125 0.596875 0.10234375 0.05703125
6 0.60859375 0.49765625 0.109375 0.059375
7 0.41796875 0.49765625 0.09921875 0.05625