3 0.61640625 0.51875 0.125 0.0765625
4 0.634375 0.41015625 0.128125 0.08125
0 0.93125 0.53984375 0.125 0.0734375
2 0.93203125 0.66640625 0.10625 0.078125
9 0.43359375 0.4953125 0.65625 0.415625
5 0.621875 0.62734375 0.140625 0.0828125
12 0.2203125 0.58515625 0.146875 0.084375
1 0.93046875 0.41640625 0.1328125 0.0765625
11 0.2296875 0.37109375 0.1234375 0.075
7 0.42265625 0.390625 0.125 0.0765625
10 0.2265625 0.48671875 0.121875 0.0765625
6 0.42265625 0.509375 0.1125 0.071875
8 0.4203125 0.6078125 0.1453125 0.0859375