4 0.29921875 0.31328125 0.1203125 0.078125
3 0.46796875 0.4421875 0.1109375 0.0703125
4 0.2828125 0.41875 0.109375 0.0671875
5 0.6421875 0.3640625 0.10625 0.0765625
3 0.47421875 0.34375 0.1125 0.075
5 0.61875 0.46171875 0.11875 0.0875
5 0.59765625 0.559375 0.10625 0.0796875
9 0.45390625 0.4328125 0.590625 0.3765625
11 0.265625 0.51328125 0.10625 0.0703125
0 0.47421875 0.22734375 0.0890625 0.0390625
10 0.44609375 0.54375 0.10625 0.06875
6 0.56875 0.23984375 0.0921875 0.040625
8 0.77890625 0.2703125 0.09375 0.046875
2 0.65546875 0.25546875 0.0734375 0.0421875