11 0.4703125 0.30390625 0.1109375 0.08125
0 0.39453125 0.70625 0.10625 0.0734375
1 0.60390625 0.665625 0.1109375 0.075
8 0.1265625 0.465625 0.134375 0.0859375
2 0.14296875 0.5734375 0.1359375 0.0875
12 0.10703125 0.359375 0.1265625 0.09375
3 0.334375 0.53828125 0.115625 0.0734375
7 0.49609375 0.4046875 0.115625 0.078125
4 0.525 0.51328125 0.1234375 0.0765625
10 0.27734375 0.334375 0.1109375 0.0734375
6 0.29375 0.4375 0.109375 0.0703125
9 0 0.3534111625 0.050946373437500005 0.6552534328124999 0.653265721875 0.55792039375 0.565002971875 0.23523310312499998 0 0.3292530796875 0 0.3534111625