3 0.58984375 0.553125 0.11875 0.075
4 0.36953125 0.621875 0.1234375 0.075
3 0.56640625 0.65390625 0.1125 0.071875
4 0.40078125 0.5140625 0.1265625 0.0796875
5 0.73046875 0.67890625 0.13125 0.09375
5 0.76875 0.578125 0.1203125 0.084375
3 0.5296875 0.75546875 0.1125 0.0765625
5 0.6921875 0.77734375 0.11875 0.0828125
2 0.809375 0.453125 0.13125 0.0765625
9 0.55625 0.63203125 0.6828125 0.4
12 0.3 0.3390625 0.1234375 0.0859375
0 0.60859375 0.4125 0.1046875 0.0703125
1 0.4171875 0.34765625 0.109375 0.0734375
6 0.709375 0.4328125 0.10625 0.0703125
8 0.93671875 0.4765625 0.1265625 0.078125
10 0.6984375 0.37734375 0.115625 0.0734375
11 0.340625 0.72578125 0.1109375 0.078125
7 0.515625 0.3796875 0.125 0.0828125