4 0.28203125 0.62421875 0.171875 0.1125
3 0.53203125 0.6125 0.159375 0.1078125
3 0.57578125 0.47109375 0.15 0.096875
5 0.7859375 0.46484375 0.175 0.125
5 0.76796875 0.6078125 0.1703125 0.1140625
11 0.3515625 0.3328125 0.1546875 0.1109375
12 0.82109375 0.31328125 0.1546875 0.109375
7 0.31484375 0.47265625 0.165625 0.109375
10 0.6015625 0.3265625 0.1453125 0.0984375
1 0.18046875 0.8140625 0.1453125 0.046875
9 0.10995415156249999 0.711996559375 0.9256603125 0.68737983125 0.9535821734375001 0.257744925 0.23694555468749998 0.26551502656250003 0.10995415156249999 0.711996559375