5 0.74453125 0.37421875 0.1421875 0.1015625
5 0.70390625 0.26796875 0.15 0.1109375
4 0.34453125 0.46796875 0.146875 0.096875
3 0.546875 0.4140625 0.134375 0.0921875
2 0.821875 0.55625 0.14375 0.0984375
0 0.5859375 0.596875 0.1171875 0.0828125
1 0.35625 0.6453125 0.134375 0.09375
9 0.52109375 0.35390625 0.740625 0.4265625
8 0.94140625 0.49609375 0.1171875 0.0953125
6 0.52890625 0.3 0.128125 0.0921875
7 0.3078125 0.35 0.1296875 0.096875
11 0.284375 0.27109375 0.1140625 0.04375
3 0.48984375 0.22265625 0.0890625 0.03125