5 0.328125 0.61953125 0.121875 0.0828125
5 0.309375 0.509375 0.1265625 0.0890625
5 0.29296875 0.40078125 0.121875 0.0765625
9 0.49296875 0.49296875 0.6328125 0.371875
1 0.68125 0.3734375 0.121875 0.071875
11 0.69921875 0.59453125 0.115625 0.0734375
12 0.0734375 0.5734375 0.1296875 0.0765625
0 0.48203125 0.39140625 0.1140625 0.0703125
6 0.48046875 0.50078125 0.1140625 0.0671875
7 0.69453125 0.48828125 0.11875 0.06875
10 0.50234375 0.6125 0.1109375 0.0703125
8 0.053125 0.3859375 0.10625 0.071875
1 0.10390625 0.2484375 0.059375 0.0203125