2 0.89140625 0.56640625 0.128125 0.0765625
5 0.40546875 0.62421875 0.1484375 0.0859375
5 0.5875 0.60078125 0.13125 0.078125
1 0.83046875 0.3421875 0.1234375 0.075
4 0.5625 0.3984375 0.1140625 0.075
9 0.39296875 0.52578125 0.61875 0.3984375
0 0.85234375 0.45390625 0.1140625 0.0671875
3 0.56875 0.50390625 0.1171875 0.0734375
12 0.21171875 0.6515625 0.14375 0.084375
11 0.1875 0.45 0.1265625 0.075
8 0.86015625 0.64453125 0.1234375 0.0828125
7 0.36640625 0.42578125 0.1140625 0.071875
6 0.38671875 0.5359375 0.1203125 0.075
10 0.2 0.55859375 0.115625 0.0734375