9 0.47578125 0.50859375 0.5890625 0.334375
5 0.29921875 0.615625 0.115625 0.071875
3 0.475 0.603125 0.1109375 0.0640625
5 0.29921875 0.51171875 0.11875 0.08125
5 0.29921875 0.41015625 0.109375 0.0765625
1 0.6625 0.6 0.1078125 0.0625
12 0.07421875 0.47734375 0.115625 0.0703125
6 0.459375 0.50234375 0.115625 0.0640625
11 0.6421875 0.3953125 0.1046875 0.06875
7 0.6546875 0.4921875 0.10625 0.0625
8 0.07265625 0.65390625 0.115625 0.0640625
10 0.46015625 0.4 0.1 0.0625
2 0.14375 0.7796875 0.0625 0.025