4 0.46171875 0.41875 0.1125 0.0828125
4 0.65546875 0.37109375 0.1265625 0.0875
4 0.28984375 0.46328125 0.11875 0.08125
2 0.71484375 0.57578125 0.1359375 0.090625
9 0.5 0.5140625 0.6546875 0.459375
7 0.93984375 0.40859375 0.115625 0.096875
12 0.33203125 0.66328125 0.14375 0.096875
11 0.9515625 0.5390625 0.096875 0.096875
1 0.93203125 0.3 0.0796875 0.0734375
8 0.52421875 0.61875 0.146875 0.0953125
0 0.6765625 0.475 0.128125 0.084375
10 0.3015625 0.57109375 0.121875 0.084375
6 0.49296875 0.528125 0.1125 0.0796875