5 0.43671875 0.6296875 0.0953125 0.0625
3 0.58515625 0.6328125 0.09375 0.0578125
4 0.73984375 0.64453125 0.1015625 0.0609375
9 0.59453125 0.55234375 0.5078125 0.3046875
0 0.60390625 0.76640625 0.0828125 0.0484375
1 0.77578125 0.775 0.09375 0.0578125
6 0.571875 0.546875 0.0921875 0.0546875
10 0.575 0.46171875 0.090625 0.05625
11 0.73359375 0.46953125 0.0859375 0.0546875
7 0.73515625 0.5515625 0.096875 0.05625
12 0.43984375 0.4578125 0.0984375 0.0671875
2 0.43203125 0.7609375 0.0875 0.0359375
8 0.43828125 0.54296875 0.09375 0.0625