1 0.884375 0.55234375 0.1171875 0.05703125
2 0.61015625 0.3203125 0.1203125 0.065625
3 0.5984375 0.42734375 0.1125 0.059375
0 0.8953125 0.43671875 0.11640625 0.0578125
4 0.60546875 0.5328125 0.11328125 0.0625
12 0.23046875 0.32890625 0.1296875 0.06796875
11 0.228125 0.53046875 0.11015625 0.05859375
7 0.4078125 0.53203125 0.1046875 0.0578125
8 0.4203125 0.325 0.11640625 0.06796875
10 0.2265625 0.4234375 0.1078125 0.059375
6 0.4140625 0.41953125 0.0984375 0.05625
9 0.1261583328125 0.5922593453125 0.7108125000000001 0.5945969625 0.71915 0.25625 0.1491895828125 0.268519859375 0.1261583328125 0.5922593453125