5 0.63203125 0.71640625 0.0609375 0.1109375
3 0.56640625 0.54453125 0.0546875 0.09375
5 0.64296875 0.55859375 0.065625 0.1203125
3 0.54765625 0.69765625 0.0578125 0.0984375
3 0.57890625 0.38515625 0.05625 0.1
9 0.55625 0.54765625 0.3171875 0.528125
5 0.65390625 0.39921875 0.0609375 0.115625
1 0.4578125 0.69296875 0.059375 0.1
7 0.47265625 0.52734375 0.05625 0.0953125
6 0.46484375 0.96875 0.05 0.0625
12 0.75625 0.50703125 0.0640625 0.1
11 0.490625 0.37421875 0.0515625 0.0875
2 0.69609375 0.975 0.0578125 0.05
10 0.63203125 0.98125 0.0515625 0.0375
8 0.7375 0.77421875 0.0609375 0.0953125