5 0.5953125 0.7640625 0.08125 0.15
4 0.41640625 0.346875 0.0828125 0.125
5 0.64140625 0.36640625 0.084375 0.1375
5 0.61796875 0.5640625 0.0875 0.1578125
4 0.396875 0.5546875 0.0796875 0.1171875
4 0.3828125 0.74140625 0.0734375 0.121875
9 0.50859375 0.5515625 0.41875 0.653125
2 0.7796875 0.059375 0.065625 0.0671875
11 0.44765625 0.05234375 0.0859375 0.1046875
12 0.74765625 0.66015625 0.0859375 0.13125
8 0.784375 0.321875 0.084375 0.128125
10 0.4890625 0.709375 0.490625 0.7109375 0.5046875 0.709375 0.509375 0.7125 0.5140625 0.7171875 0.521875 0.7390625 0.5203125 0.7421875 0.5234375 0.75 0.521875 0.7859375 0.51875 0.7984375 0.509375 0.8140625 0.5 0.821875 0.4984375 0.8203125 0.490625 0.821875 0.4890625 0.825 0.484375 0.825 0.4796875 0.8203125 0.471875 0.8171875 0.4640625 0.7984375 0.465625 0.796875 0.4640625 0.79375 0.465625 0.7640625 0.4640625 0.7625 0.46875 0.746875 0.46875 0.7390625 0.4828125 0.7171875 0.4828125 0.7140625 0.4875 0.7109375
6 0.5140625 0.509375 0.515625 0.5109375 0.5265625 0.509375 0.5359375 0.5140625 0.5359375 0.5171875 0.54375 0.525 0.54375 0.5296875 0.546875 0.5328125 0.55 0.5625 0.546875 0.565625 0.546875 0.578125 0.54375 0.58125 0.54375 0.5875 0.5359375 0.6015625 0.5359375 0.60625 0.525 0.6140625 0.5140625 0.6171875 0.503125 0.6125 0.49375 0.6015625 0.4859375 0.5796875 0.4890625 0.5515625 0.49375 0.534375 0.4984375 0.5296875 0.4984375 0.525 0.503125 0.5203125 0.503125 0.5171875 0.5125 0.5109375
0 0.525 0.3046875 0.540625 0.303125 0.546875 0.3078125 0.546875 0.3109375 0.5515625 0.3140625 0.5515625 0.3171875 0.55625 0.321875 0.559375 0.33125 0.559375 0.34375 0.5625 0.3515625 0.559375 0.384375 0.5546875 0.390625 0.553125 0.3984375 0.546875 0.4046875 0.546875 0.409375 0.5375 0.41875 0.5328125 0.4171875 0.53125 0.4203125 0.5203125 0.4203125 0.515625 0.415625 0.509375 0.4140625 0.5015625 0.3953125 0.5015625 0.3890625 0.4984375 0.3859375 0.5015625 0.340625 0.50625 0.3359375 0.5078125 0.328125 0.5109375 0.3265625 0.51875 0.3109375 0.525 0.30625