3 0.5328125 0.46796875 0.1328125 0.0796875
2 0.88515625 0.54765625 0.1375 0.0796875
0 0.8484375 0.425 0.1234375 0.0703125
5 0.5546875 0.57578125 0.1359375 0.078125
12 0.146875 0.61484375 0.1546875 0.084375
7 0.3125 0.3765625 0.128125 0.0765625
1 0.828125 0.3 0.1328125 0.0796875
4 0.53125 0.3546875 0.1265625 0.0796875
11 0.1203125 0.396875 0.140625 0.0796875
8 0.353125 0.59609375 0.140625 0.0828125
10 0.13203125 0.515625 0.1296875 0.078125
6 0.3359375 0.49765625 0.11875 0.0734375
9 0.6363586625 0.2673800328125 0.01316018125 0.345756271875 0.065807459375 0.6906036921875 0.6884797828125 0.6286669 0.6873866328125 0.6280323625 0.6363586625 0.2673800328125