3 0.540625 0.465625 0.04765625 0.0875
3 0.54140625 0.62265625 0.046875 0.09140625
5 0.615625 0.30546875 0.0515625 0.10390625
5 0.615625 0.459375 0.0546875 0.1171875
3 0.53359375 0.3171875 0.0484375 0.08984375
9 0.53046875 0.46328125 0.2734375 0.48515625
5 0.61640625 0.6140625 0.05 0.10703125
1 0.446875 0.315625 0.05078125 0.09296875
7 0.45 0.47734375 0.0484375 0.08828125
2 0.6984375 0.04140625 0.05625 0.08203125
0 0.55625 0.02890625 0.046875 0.0578125
12 0.71953125 0.5171875 0.05546875 0.096875
10 0.63515625 0.0328125 0.04921875 0.065625
6 0.47265625 0.0390625 0.0453125 0.07734375
11 0.4546875 0.62578125 0.046875 0.09296875
8 0.71953125 0.2578125 0.0515625 0.09140625