3 0.4515625 0.52421875 0.1046875 0.0578125
4 0.27265625 0.51640625 0.11171875 0.06015625
2 0.6453125 0.3578125 0.1 0.059375
0 0.44375 0.36640625 0.09453125 0.05546875
5 0.61953125 0.52265625 0.103125 0.0640625
9 0.4359375 0.61640625 0.5671875 0.30625
1 0.24609375 0.3671875 0.1078125 0.06171875
12 0.59765625 0.7265625 0.10390625 0.07265625
11 0.2546875 0.72109375 0.10234375 0.06484375
7 0.2640625 0.62578125 0.103125 0.05859375
10 0.44296875 0.725 0.10234375 0.0609375
6 0.45625 0.62265625 0.0984375 0.05625
8 0.61328125 0.62265625 0.11171875 0.0671875