3 0.45390625 0.58203125 0.0765625 0.04375
4 0.3109375 0.5765625 0.084375 0.04453125
3 0.46015625 0.50625 0.07734375 0.04375
5 0.57578125 0.5859375 0.09140625 0.0578125
9 0.44375 0.5796875 0.453125 0.2515625
4 0.32578125 0.4953125 0.08671875 0.04765625
5 0.59140625 0.50859375 0.08125 0.05078125
5 0.5578125 0.6640625 0.08125 0.05546875
2 0.6046875 0.41796875 0.07890625 0.0421875
12 0.24453125 0.38515625 0.0796875 0.0484375
0 0.46171875 0.409375 0.06796875 0.0421875
8 0.70390625 0.42265625 0.07890625 0.04375
10 0.43984375 0.6609375 0.08359375 0.04921875
11 0.2953125 0.65234375 0.0796875 0.04765625
1 0.32421875 0.38125 0.07265625 0.04296875
7 0.53203125 0.41328125 0.065625 0.0390625
7 0.39296875 0.39375 0.08046875 0.04609375