3 0.5671875 0.55234375 0.13125 0.0828125
5 0.16640625 0.603125 0.15 0.090625
3 0.1671875 0.50234375 0.1296875 0.08125
4 0.58515625 0.43828125 0.13125 0.0875
4 0.37578125 0.4125 0.1234375 0.084375
3 0.3703125 0.5328125 0.125 0.08125
5 0.36640625 0.63359375 0.1640625 0.0953125
5 0.56640625 0.66484375 0.1484375 0.0890625
2 0.82734375 0.69609375 0.1296875 0.090625
9 0.3796875 0.51953125 0.6890625 0.4578125
1 0.89765625 0.4578125 0.1359375 0.0859375
12 0.8875 0.390625 0.1484375 0.0953125
7 0.87109375 0.51875 0.13125 0.0828125
0 0.83515625 0.57421875 0.1265625 0.0765625
8 0.81796875 0.77578125 0.1296875 0.1
10 0.92734375 0.63359375 0.1234375 0.084375
11 0.171875 0.38515625 0.140625 0.0859375
0 0.82734375 0.6359375 0.125 0.0796875