4 0.40625 0.559375 0.0875 0.1328125
4 0.6375 0.58359375 0.084375 0.121875
3 0.44140625 0.353125 0.0875 0.125
4 0.528125 0.57421875 0.084375 0.1296875
3 0.67109375 0.38046875 0.0859375 0.1203125
3 0.55625 0.35859375 0.084375 0.125
0 0.27734375 0.27578125 0.075 0.1203125
9 0.54453125 0.38046875 0.4546875 0.6875
2 0.46953125 0.14453125 0.1 0.153125
12 0.69609375 0.19609375 0.1 0.146875
7 0.27265625 0.390625 0.1046875 0.1625
11 0.23203125 0.5375 0.06875 0.134375
3 0.67109375 0.37265625 0.05 0.084375
8 0.58125 0.125 0.5859375 0.121875 0.5875 0.115625 0.59375 0.1078125 0.5984375 0.1109375 0.5984375 0.1203125 0.6015625 0.128125 0.6 0.134375 0.6046875 0.14375 0.603125 0.1453125 0.60625 0.159375 0.6046875 0.165625 0.6078125 0.16875 0.609375 0.1828125 0.6078125 0.184375 0.6109375 0.1890625 0.609375 0.1953125 0.6109375 0.2140625 0.6078125 0.225 0.609375 0.2328125 0.6046875 0.2390625 0.5765625 0.2359375 0.565625 0.2296875 0.5484375 0.228125 0.5421875 0.225 0.5390625 0.21875 0.5421875 0.2 0.5453125 0.1984375 0.5515625 0.1796875 0.5546875 0.178125 0.5609375 0.1625 0.565625 0.1578125 0.565625 0.153125 0.5703125 0.1484375 0.58125 0.1265625