3 0.453125 0.6875 0.06953125 0.12109375
4 0.56875 0.67578125 0.071875 0.121875
4 0.57109375 0.8859375 0.06796875 0.1125
3 0.45 0.88515625 0.065625 0.1140625
0 0.41484375 0.38671875 0.0625 0.10703125
9 0.4546875 0.778125 0.378125 0.44375
1 0.51796875 0.2578125 0.07890625 0.14140625
2 0.33359375 0.6921875 0.078125 0.13828125
10 0.42890625 0.26328125 0.06328125 0.11640625
11 0.5625 0.35625 0.0765625 0.1375
6 0.36796875 0.2828125 0.06171875 0.11015625
7 0.4796875 0.39921875 0.07734375 0.13671875
8 0.33828125 0.89765625 0.07265625 0.14375