3 0.603125 0.5640625 0.06328125 0.10546875
3 0.50625 0.57734375 0.05703125 0.1
5 0.409375 0.73125 0.06640625 0.1
9 0.5109375 0.56171875 0.31015625 0.55703125
5 0.6109375 0.73515625 0.06875 0.10625
5 0.509375 0.73515625 0.07265625 0.1125
10 0.40390625 0.57734375 0.059375 0.09609375
1 0.6046875 0.38828125 0.06015625 0.1046875
2 0.7703125 0.89765625 0.02734375 0.084375
7 0.5 0.3921875 0.0578125 0.10078125
12 0.47109375 0.9453125 0.0640625 0.109375
8 0.64296875 0.94921875 0.059375 0.10078125
6 0.77265625 0.4453125 0.0203125 0.08515625
0 0.7796875 0.61875 0.009375 0.06953125
11 0.4046875 0.3984375 0.059375 0.08671875