9 0.4328125 0.48359375 0.784375 0.50625
5 0.64921875 0.33125 0.1640625 0.0921875
5 0.41796875 0.35546875 0.1828125 0.1046875
5 0.1796875 0.38125 0.1734375 0.0984375
0 0.2078125 0.50859375 0.159375 0.09375
11 0.709375 0.571875 0.1375 0.0875
1 0.22421875 0.6453125 0.146875 0.09375
12 0.4859375 0.18984375 0.1578125 0.103125
10 0.68046875 0.44140625 0.146875 0.0890625
6 0.44453125 0.46875 0.1328125 0.084375
7 0.47734375 0.60859375 0.1375 0.0890625
8 0.0640625 0.1859375 0.0921875 0.2 0.096875 0.2046875 0.0984375 0.203125 0.1203125 0.215625 0.140625 0.221875 0.1515625 0.2328125 0.153125 0.2421875 0.1484375 0.246875 0.14375 0.246875 0.1390625 0.25 0.1296875 0.25 0.1140625 0.2578125 0.103125 0.2578125 0.0953125 0.2609375 0.0890625 0.259375 0.0875 0.2625 0.08125 0.2625 0.075 0.2671875 0.0640625 0.2671875 0.0375 0.275 0.0265625 0.275 0.01875 0.2703125 0.01875 0.2671875 0.0109375 0.259375 0.0125 0.2421875 0.0171875 0.2375 0.015625 0.234375 0.0203125 0.23125 0.021875 0.221875 0.028125 0.2109375 0.0265625 0.2078125 0.0296875 0.20625 0.03125 0.196875 0.034375 0.1953125 0.0359375 0.190625 0.046875 0.1859375 0.059375 0.184375 0.0625 0.1859375