3 0.5265625 0.3828125 0.1203125 0.0859375
3 0.34453125 0.34765625 0.1328125 0.0921875
3 0.71640625 0.428125 0.1296875 0.0890625
4 0.521875 0.496875 0.1234375 0.090625
4 0.32421875 0.45546875 0.134375 0.0953125
5 0.7234375 0.3328125 0.1421875 0.0953125
9 0.515625 0.39375 0.70625 0.50625
5 0.53671875 0.2890625 0.1515625 0.1015625
5 0.3484375 0.2421875 0.1421875 0.0984375
12 0.0546875 0.4796875 0.109375 0.09375
1 0.0484375 0.4171875 0.096875 0.084375
0 0.09296875 0.30625 0.1234375 0.0859375
2 0.11171875 0.196875 0.1078125 0.0859375
7 0.06953125 0.359375 0.1078125 0.0859375
8 0.12890625 0.12265625 0.103125 0.0984375
6 0.1046875 0.25 0.1171875 0.084375
11 0.709375 0.5328125 0.134375 0.09375