9 0.425 0.57890625 0.3375 0.62578125
3 0.4109375 0.584375 0.0625 0.10859375
3 0.4234375 0.40390625 0.0609375 0.11171875
5 0.32421875 0.38125 0.0625 0.12421875
5 0.32109375 0.56953125 0.06875 0.14140625
5 0.31640625 0.75 0.06171875 0.1265625
2 0.23046875 0.0484375 0.0890625 0.096875
0 0.4 0.03984375 0.06015625 0.07734375
1 0.52890625 0.42109375 0.0609375 0.1171875
6 0.50625 0.05546875 0.05859375 0.10859375
12 0.1953125 0.62109375 0.06796875 0.115625
7 0.51875 0.6171875 0.06171875 0.1171875
10 0.403125 0.77578125 0.059375 0.1109375
11 0.50625 0.79296875 0.0609375 0.128125
8 0.196875 0.30859375 0.075 0.10625