3 0.41953125 0.48359375 0.10625 0.071875
3 0.428125 0.39453125 0.1078125 0.0734375
2 0.62265625 0.28125 0.1078125 0.0765625
0 0.43828125 0.25 0.0953125 0.071875
9 0.403125 0.478125 0.5578125 0.3796875
5 0.56015625 0.51171875 0.11875 0.090625
4 0.2671875 0.35625 0.1078125 0.0734375
5 0.5828125 0.4234375 0.1046875 0.0765625
1 0.26171875 0.2171875 0.1046875 0.078125
12 0.53828125 0.60078125 0.1046875 0.0796875
6 0.53046875 0.27890625 0.09375 0.0671875
8 0.7328125 0.3234375 0.115625 0.08125
7 0.2484375 0.45078125 0.10625 0.0734375
11 0.23203125 0.53515625 0.1078125 0.075
10 0.396875 0.5734375 0.0984375 0.0703125