3 0.5859375 0.58671875 0.071875 0.11875
3 0.578125 0.4078125 0.06875 0.1109375
5 0.65703125 0.23125 0.0734375 0.134375
5 0.6875 0.59921875 0.075 0.128125
5 0.67265625 0.4140625 0.0796875 0.14375
9 0.565625 0.415625 0.4046875 0.653125
2 0.81484375 0.92109375 0.0890625 0.103125
0 0.646875 0.94921875 0.06875 0.08125
1 0.47890625 0.58671875 0.0765625 0.125
12 0.7890625 0.35 0.078125 0.1203125
11 0.4625 0.21171875 0.0703125 0.128125
6 0.53984375 0.9421875 0.0703125 0.115625
7 0.46875 0.3890625 0.0734375 0.125
10 0.5671875 0.2171875 0.0671875 0.1140625
8 0.8203125 0.66015625 0.0859375 0.1125