3 0.5828125 0.53984375 0.1015625 0.05625
5 0.434375 0.440625 0.10078125 0.06796875
3 0.59140625 0.63671875 0.103125 0.059375
5 0.4265625 0.5421875 0.11015625 0.07421875
4 0.771875 0.54140625 0.1015625 0.05390625
4 0.7703125 0.6453125 0.109375 0.0609375
5 0.4203125 0.63984375 0.10546875 0.06640625
9 0.59765625 0.546875 0.5640625 0.3046875
11 0.77578125 0.44609375 0.1078125 0.0578125
10 0.590625 0.43984375 0.1 0.0578125
0 0.60234375 0.76015625 0.0921875 0.04375
1 0.79609375 0.7734375 0.0859375 0.0140625
2 0.41328125 0.7578125 0.0875 0.0453125
7 0.70078125 0.76640625 0.10390625 0.0296875
12 0.8875 0.76796875 0.0921875 0.0265625
8 0.28125 0.75625 0.1125 0.04921875
6 0.5078125 0.76015625 0.0921875 0.04375