3 0.359375 0.63515625 0.084375 0.1390625
3 0.39140625 0.41015625 0.0796875 0.13125
4 0.28203125 0.16328125 0.0796875 0.1359375
4 0.228125 0.61484375 0.0875 0.1484375
3 0.4109375 0.175 0.0796875 0.140625
4 0.25625 0.3765625 0.0828125 0.1328125
9 0.3765625 0.42265625 0.471875 0.784375
12 0.52890625 0.1953125 0.0875 0.165625
0 0.36484375 0.95859375 0.078125 0.0734375
11 0.1921875 0.94921875 0.0921875 0.084375
2 0.4703125 0.6015625 0.4703125 0.6046875 0.484375 0.615625 0.4890625 0.6203125 0.4890625 0.6234375 0.515625 0.6484375 0.5171875 0.65625 0.521875 0.6609375 0.5234375 0.66875 0.5265625 0.671875 0.5265625 0.678125 0.515625 0.6859375 0.5125 0.69375 0.5015625 0.70625 0.4875 0.7140625 0.478125 0.7234375 0.4734375 0.725 0.465625 0.7359375 0.459375 0.7390625 0.4515625 0.7390625 0.446875 0.7359375 0.4453125 0.7234375 0.4484375 0.7171875 0.45 0.684375 0.453125 0.678125 0.453125 0.66875 0.45625 0.659375 0.4546875 0.6578125 0.4546875 0.6375 0.4578125 0.6328125 0.4578125 0.596875 0.4640625 0.5953125 0.46875 0.6015625
8 0.48125 0.3515625 0.4875 0.353125 0.4921875 0.3625 0.496875 0.365625 0.496875 0.36875 0.5015625 0.371875 0.5125 0.3875 0.5265625 0.3984375 0.5265625 0.403125 0.5296875 0.4046875 0.53125 0.4125 0.54375 0.428125 0.546875 0.440625 0.546875 0.446875 0.54375 0.453125 0.53125 0.4640625 0.5265625 0.465625 0.51875 0.475 0.5109375 0.478125 0.50625 0.4875 0.496875 0.4890625 0.4890625 0.496875 0.4890625 0.5 0.4796875 0.5015625 0.4734375 0.5078125 0.465625 0.50625 0.4671875 0.4625 0.471875 0.44375 0.471875 0.4140625 0.475 0.409375 0.475 0.378125 0.4765625 0.365625 0.4796875 0.3625 0.48125 0.353125
7 0.29375 0.865625 0.3 0.865625 0.3078125 0.8765625 0.3125 0.8890625 0.325 0.909375 0.325 0.9140625 0.3296875 0.9171875 0.3296875 0.921875 0.3328125 0.9234375 0.3390625 0.9359375 0.3390625 0.9453125 0.3359375 0.946875 0.3359375 0.95 0.328125 0.9609375 0.3265625 0.971875 0.31875 0.99375 0.246875 0.990625 0.2484375 0.9859375 0.2390625 0.971875 0.2375 0.965625 0.2375 0.9578125 0.2421875 0.9453125 0.2546875 0.928125 0.2671875 0.903125 0.271875 0.8984375 0.275 0.8890625 0.2796875 0.8875 0.2828125 0.878125 0.29375 0.8671875