9 0.51484375 0.46875 0.6125 0.3578125
5 0.71015625 0.56484375 0.1234375 0.078125
3 0.5265625 0.56875 0.115625 0.06875
5 0.68671875 0.3515625 0.1125 0.08125
5 0.7 0.4578125 0.1265625 0.0859375
1 0.33125 0.58359375 0.115625 0.06875
0 0.6046875 0.76015625 0.1046875 0.034375
2 0.915625 0.7328125 0.1375 0.0578125
6 0.53359375 0.4640625 0.1109375 0.065625
10 0.52265625 0.35625 0.1140625 0.071875
12 0.928125 0.4 0.1234375 0.0765625
7 0.328125 0.4703125 0.1140625 0.06875
11 0.32890625 0.36640625 0.1078125 0.075
8 0.94375 0.5828125 0.1125 0.06875