4 0.27578125 0.4 0.153125 0.090625
3 0.26484375 0.553125 0.159375 0.0875
5 0.2796875 0.6984375 0.178125 0.090625
5 0.05703125 0.690625 0.1140625 0.09375
4 0.0359375 0.4 0.071875 0.0875
3 0.0421875 0.5578125 0.084375 0.0875
2 0.61015625 0.6953125 0.1375 0.0953125
12 0.6609375 0.28984375 0.175 0.096875
1 0.684375 0.37421875 0.146875 0.084375
0 0.61953125 0.5375 0.140625 0.078125
9 0.2140625 0.546875 0.428125 0.475
8 0.6109375 0.80390625 0.146875 0.109375
6 0.61640625 0.6171875 0.1390625 0.0796875
7 0.65546875 0.45546875 0.15625 0.0875