4 0.328125 0.64609375 0.121875 0.071875
4 0.5625 0.64296875 0.1359375 0.0765625
4 0.11796875 0.64765625 0.1296875 0.06875
7 0.90859375 0.50390625 0.1734375 0.0984375
9 0.3453125 0.5234375 0.690625 0.40625
12 0.090625 0.40625 0.1734375 0.0796875
1 0.9359375 0.63671875 0.128125 0.0765625
11 0.871875 0.34375 0.15625 0.0953125
0 0.54375 0.5140625 0.1328125 0.0703125
2 0.54921875 0.3875 0.1484375 0.0765625
6 0.31875 0.5109375 0.1390625 0.0765625
8 0.32265625 0.396875 0.1578125 0.0796875
10 0.09140625 0.5203125 0.1390625 0.0703125