7 0.925 0.50703125 0.15 0.1109375
1 0.92734375 0.62421875 0.1234375 0.08125
4 0.6015625 0.55234375 0.1265625 0.0859375
2 0.6546875 0.33515625 0.14375 0.0921875
4 0.403125 0.51015625 0.1140625 0.08125
4 0.225 0.4703125 0.121875 0.0796875
12 0.259375 0.26328125 0.1546875 0.1
9 0.44609375 0.40859375 0.671875 0.4640625
11 0.934375 0.36484375 0.13125 0.1078125
0 0.6203125 0.44140625 0.128125 0.0859375
10 0.23515625 0.359375 0.128125 0.0828125
8 0.45703125 0.3 0.1453125 0.0953125
6 0.42734375 0.39453125 0.1171875 0.0796875