9 0.4359375 0.44609375 0.4359375 0.68125
3 0.45234375 0.2265625 0.0765625 0.128125
4 0.52265625 0.653125 0.0859375 0.134375
4 0.565625 0.24453125 0.0765625 0.121875
3 0.4078125 0.63203125 0.08125 0.1296875
3 0.425 0.43515625 0.08125 0.125
4 0.54609375 0.43828125 0.0828125 0.1234375
0 0.340625 0.93125 0.0765625 0.1109375
2 0.2890625 0.62734375 0.096875 0.14375
12 0.3453125 0.22421875 0.09375 0.153125
11 0.4875 0.9546875 0.08125 0.090625
8 0.31796875 0.42578125 0.09375 0.1421875
7 0.40859375 0.91953125 0.1015625 0.1546875