5 0.66015625 0.38515625 0.11796875 0.07109375
5 0.621875 0.59921875 0.1109375 0.075
5 0.64140625 0.49140625 0.12421875 0.08203125
9 0.46484375 0.48203125 0.61796875 0.34375
0 0.4765625 0.38359375 0.11015625 0.0640625
1 0.284375 0.37109375 0.11484375 0.065625
10 0.45390625 0.596875 0.1125 0.065625
12 0.8703125 0.54765625 0.1203125 0.06875
11 0.259375 0.5875 0.10859375 0.06484375
8 0.90703125 0.365625 0.1171875 0.065625
7 0.26875 0.48359375 0.11484375 0.0625
6 0.47421875 0.4890625 0.10234375 0.05859375
2 0.85546875 0.23203125 0.06875 0.02421875