4 0.53984375 0.46640625 0.115625 0.0703125
4 0.340625 0.45 0.109375 0.0703125
2 0.89296875 0.2734375 0.1234375 0.0828125
5 0.3796875 0.246875 0.1453125 0.075
3 0.54609375 0.35859375 0.11875 0.06875
5 0.57109375 0.25703125 0.1296875 0.071875
3 0.3625 0.33984375 0.1109375 0.0671875
1 0.8328125 0.51796875 0.121875 0.071875
9 0.36953125 0.3515625 0.628125 0.3765625
0 0.859375 0.3984375 0.1140625 0.06875
7 0.92421875 0.45859375 0.1265625 0.0765625
12 0.18046875 0.23125 0.1453125 0.0796875
11 0.1515625 0.43046875 0.1296875 0.06875
8 0.86484375 0.1953125 0.11875 0.0828125
6 0.85234375 0.334375 0.1109375 0.0703125
10 0.16875 0.32421875 0.1203125 0.071875