3 0.61796875 0.5046875 0.11875 0.06328125
4 0.62265625 0.39453125 0.12109375 0.0671875
0 0.9328125 0.48671875 0.11953125 0.05859375
2 0.94921875 0.6125 0.09921875 0.0671875
9 0.43359375 0.503125 0.61875 0.34296875
5 0.63671875 0.61171875 0.13359375 0.0671875
12 0.2328125 0.61875 0.13984375 0.0671875
1 0.9171875 0.36484375 0.12578125 0.06171875
11 0.215625 0.4046875 0.11640625 0.06171875
7 0.41015625 0.40078125 0.11796875 0.06328125
10 0.22734375 0.5203125 0.115625 0.0625
6 0.42421875 0.51875 0.10625 0.05859375
8 0.434375 0.61640625 0.13828125 0.0703125