4 0.5265625 0.43515625 0.0875 0.0609375
5 0.2671875 0.48671875 0.0890625 0.0671875
5 0.2796875 0.56171875 0.1046875 0.078125
0 0.38984375 0.3453125 0.0828125 0.0609375
2 0.23828125 0.3640625 0.0921875 0.065625
9 0.40859375 0.5375 0.471875 0.3203125
3 0.39453125 0.46484375 0.084375 0.059375
1 0.53515625 0.3203125 0.0828125 0.0609375
7 0.5375 0.51484375 0.084375 0.059375
12 0.29296875 0.63828125 0.0953125 0.0703125
6 0.41328125 0.61640625 0.0859375 0.0609375
11 0.54921875 0.58671875 0.0828125 0.059375
8 0.14765625 0.40078125 0.09375 0.0640625
6 0.39609375 0.54140625 0.0796875 0.0546875