3 0.5078125 0.56953125 0.103125 0.0671875
4 0.4984375 0.4828125 0.1 0.0671875
9 0.36015625 0.5984375 0.5359375 0.3640625
5 0.37578125 0.68125 0.1296875 0.08125
5 0.5328125 0.65234375 0.1125 0.071875
1 0.71796875 0.42265625 0.1015625 0.065625
2 0.7890625 0.60625 0.109375 0.0734375
0 0.74609375 0.5140625 0.0984375 0.0640625
12 0.21484375 0.71328125 0.128125 0.078125
10 0.19921875 0.634375 0.1046875 0.06875
7 0.334375 0.51484375 0.1015625 0.0671875
6 0.35546875 0.60546875 0.09375 0.0640625
11 0.18359375 0.54375 0.10625 0.065625
8 0.76640625 0.675 0.1078125 0.0765625