3 0.58046875 0.51328125 0.1171875 0.0625
4 0.38515625 0.41015625 0.103125 0.0625
3 0.3984375 0.5203125 0.109375 0.0578125
4 0.58359375 0.40625 0.1171875 0.065625
2 0.91015625 0.6171875 0.11875 0.0671875
9 0.40234375 0.509375 0.5875 0.334375
0 0.88671875 0.496875 0.115625 0.059375
5 0.4046875 0.6140625 0.140625 0.065625
1 0.875 0.375 0.121875 0.0625
5 0.59375 0.615625 0.128125 0.0625
12 0.209375 0.61640625 0.1390625 0.06875
8 0.875 0.6953125 0.121875 0.0703125
11 0.196875 0.41484375 0.121875 0.05625
7 0.946875 0.43984375 0.10625 0.065625
6 0.87109375 0.559375 0.10625 0.0578125
10 0.20390625 0.5234375 0.1125 0.059375