1 0.64453125 0.2609375 0.1140625 0.0875
5 0.32578125 0.60625 0.134375 0.10625
3 0.47109375 0.46875 0.1203125 0.0859375
5 0.29609375 0.5078125 0.1203125 0.090625
11 0.7015625 0.6234375 0.1171875 0.0890625
4 0.6484375 0.41796875 0.125 0.0859375
2 0.2421875 0.3453125 0.121875 0.0921875
0 0.44765625 0.30625 0.1078125 0.0828125
9 0.503125 0.56171875 0.640625 0.4484375
12 0.34921875 0.71328125 0.125 0.1
8 0.12109375 0.39765625 0.13125 0.090625
7 0.6765625 0.52421875 0.1171875 0.084375
10 0.5140625 0.67265625 0.11875 0.0875
8 0.48125 0.57109375 0.109375 0.0796875