9 0.3703125 0.4390625 0.6703125 0.4328125
11 0.1546875 0.35859375 0.128125 0.090625
1 0.1953125 0.746875 0.1296875 0.0875
12 0.54453125 0.29453125 0.1265625 0.096875
3 0.3984375 0.5421875 0.13125 0.0859375
0 0.41171875 0.7125 0.1125 0.0796875
2 0.63046875 0.690625 0.121875 0.0890625
4 0.2015625 0.58046875 0.134375 0.084375
7 0.17421875 0.4671875 0.1265625 0.08125
8 0.5640625 0.40859375 0.1265625 0.0890625
5 0.5859375 0.515625 0.1234375 0.0859375
10 0.36484375 0.32265625 0.11875 0.0828125
6 0.39296875 0.43203125 0.1140625 0.075