3 0.42578125 0.54609375 0.121875 0.078125
4 0.43671875 0.4359375 0.1234375 0.08125
3 0.2453125 0.565625 0.1140625 0.0765625
4 0.240625 0.45390625 0.115625 0.0796875
9 0.2890625 0.5515625 0.578125 0.4375
5 0.24921875 0.65859375 0.15 0.0890625
5 0.43671875 0.6484375 0.1296875 0.0796875
2 0.75 0.6328125 0.1265625 0.084375
1 0.7265625 0.3859375 0.134375 0.084375
0 0.73046875 0.5078125 0.1109375 0.0703125
10 0.0578125 0.5796875 0.109375 0.0796875
12 0.075 0.67421875 0.1140625 0.084375
7 0.80234375 0.446875 0.1171875 0.078125
6 0.7125 0.5734375 0.1125 0.0734375
8 0.70859375 0.71171875 0.128125 0.0890625
11 0.05703125 0.46875 0.1140625 0.078125