5 0.38359375 0.3984375 0.1125 0.0796875
9 0.5375 0.51796875 0.6265625 0.3515625
5 0.36171875 0.50625 0.121875 0.0828125
5 0.340625 0.61171875 0.115625 0.071875
11 0.74453125 0.41640625 0.1109375 0.065625
0 0.5234375 0.6171875 0.10625 0.0640625
12 0.13203125 0.44765625 0.121875 0.06875
7 0.7359375 0.521875 0.11875 0.0640625
1 0.7171875 0.63203125 0.1171875 0.0671875
6 0.52734375 0.51171875 0.10625 0.0609375
8 0.09296875 0.628125 0.1265625 0.06875
10 0.55 0.40234375 0.1015625 0.0625
1 0.1421875 0.7625 0.071875 0.025