3 0.55078125 0.53125 0.075 0.1015625
3 0.36953125 0.5125 0.075 0.1
3 0.46328125 0.52734375 0.0703125 0.0984375
2 0.64765625 0.84921875 0.0796875 0.1171875
5 0.34375 0.65 0.0828125 0.10625
5 0.43515625 0.665625 0.0890625 0.1140625
5 0.525 0.6796875 0.078125 0.1046875
9 0.46953125 0.5140625 0.3953125 0.5625
0 0.7109375 0.60703125 0.0703125 0.09375
1 0.58671875 0.37578125 0.0734375 0.103125
12 0.36015625 0.85234375 0.0765625 0.1109375
8 0.51171875 0.8765625 0.071875 0.1078125
11 0.4046875 0.35234375 0.0734375 0.0984375
7 0.49375 0.36171875 0.06875 0.0984375
6 0.7296875 0.45625 0.06875 0.0921875
10 0.67890625 0.74296875 0.06875 0.096875