3 0.37734375 0.49609375 0.09375 0.053125
5 0.228125 0.4125 0.103125 0.065625
0 0.39453125 0.63359375 0.0828125 0.05078125
4 0.53359375 0.5 0.09375 0.053125
9 0.3796875 0.41171875 0.49609375 0.27109375
2 0.21640625 0.646875 0.09609375 0.05546875
5 0.22421875 0.5015625 0.09140625 0.05703125
1 0.56171875 0.6265625 0.0875 0.053125
12 0.225 0.3203125 0.10078125 0.06796875
11 0.53203125 0.321875 0.08515625 0.0546875
10 0.36796875 0.31953125 0.0890625 0.05390625
8 0.103125 0.62578125 0.10625 0.05390625
7 0.53125 0.40703125 0.08984375 0.05234375
6 0.36484375 0.40859375 0.0859375 0.05