2 0.78828125 0.4953125 0.115625 0.071875
3 0.47421875 0.58515625 0.115625 0.0703125
5 0.4859375 0.484375 0.1296875 0.075
5 0.30625 0.47734375 0.1421875 0.0796875
1 0.765625 0.73125 0.121875 0.0765625
3 0.3 0.56953125 0.1109375 0.06875
0 0.775 0.61484375 0.1109375 0.0671875
9 0.3125 0.57578125 0.6078125 0.3890625
4 0.48515625 0.69296875 0.1140625 0.0734375
12 0.11328125 0.46875 0.1375 0.0734375
8 0.74765625 0.41796875 0.115625 0.0734375
11 0.10625 0.6703125 0.1203125 0.0734375
6 0.7546875 0.5515625 0.10625 0.0640625
7 0.28671875 0.68046875 0.1234375 0.071875
10 0.10859375 0.5609375 0.115625 0.06875