3 0.675 0.43125 0.0640625 0.09375
3 0.49296875 0.4734375 0.0625 0.0953125
3 0.5796875 0.44453125 0.059375 0.0921875
2 0.30390625 0.19921875 0.065625 0.1125
9 0.5828125 0.45859375 0.3390625 0.55
5 0.6578125 0.2859375 0.0734375 0.1
5 0.56484375 0.303125 0.0765625 0.109375
5 0.4734375 0.31640625 0.0671875 0.103125
12 0.58046875 0.09921875 0.06875 0.1109375
0 0.31328125 0.44921875 0.0578125 0.090625
1 0.50703125 0.63359375 0.0625 0.1
8 0.4265625 0.12890625 0.0609375 0.10625
11 0.69453125 0.59375 0.0640625 0.0984375
6 0.340625 0.6046875 0.05625 0.0875
10 0.3046875 0.30859375 0.0578125 0.0921875
7 0.603125 0.61484375 0.0609375 0.096875