5 0.30546875 0.61640625 0.146875 0.078125
5 0.50625 0.60703125 0.1515625 0.0828125
9 0.50703125 0.50234375 0.6390625 0.396875
5 0.70546875 0.59453125 0.1390625 0.0796875
0 0.6921875 0.48828125 0.13125 0.0734375
11 0.290625 0.4078125 0.1203125 0.071875
10 0.29296875 0.5203125 0.1234375 0.071875
12 0.42890625 0.74765625 0.1328125 0.0828125
7 0.4859375 0.39140625 0.115625 0.0734375
0 0.69453125 0.37578125 0.11875 0.075
6 0.49609375 0.50859375 0.109375 0.0671875
8 0.8140625 0.69375 0.8234375 0.7015625 0.825 0.70625 0.821875 0.7140625 0.81875 0.715625 0.81875 0.721875 0.8125 0.7328125 0.8078125 0.7359375 0.8078125 0.74375 0.7953125 0.7625 0.7875 0.7625 0.78125 0.765625 0.7703125 0.7578125 0.7640625 0.7546875 0.7625 0.75625 0.7578125 0.7515625 0.7546875 0.7515625 0.7375 0.7390625 0.721875 0.734375 0.7203125 0.73125 0.7078125 0.7234375 0.7078125 0.715625 0.721875 0.7125 0.725 0.709375 0.740625 0.709375 0.74375 0.70625 0.7578125 0.7046875 0.7609375 0.7015625 0.7765625 0.7015625 0.78125 0.6984375 0.790625 0.6984375 0.7984375 0.69375 0.8125 0.6953125