3 0.5828125 0.2671875 0.084375 0.1203125
3 0.5328125 0.4453125 0.0828125 0.1203125
5 0.62578125 0.48359375 0.084375 0.13125
5 0.66875 0.3046875 0.096875 0.153125
9 0.55625 0.303125 0.459375 0.60625
5 0.71015625 0.11796875 0.0875 0.1421875
2 0.64140625 0.8234375 0.096875 0.128125
1 0.43046875 0.4125 0.0859375 0.1234375
0 0.4765625 0.81640625 0.08125 0.1171875
10 0.62890625 0.07734375 0.0890625 0.1296875
7 0.4796875 0.2171875 0.0859375 0.1296875
6 0.38046875 0.7671875 0.078125 0.1125
12 0.79921875 0.26875 0.09375 0.1390625
11 0.5234375 0.0515625 0.08125 0.103125
8 0.72890625 0.57421875 0.0921875 0.121875