9 0.3390625 0.3203125 0.4671875 0.640625
3 0.3734375 0.4703125 0.0875 0.1234375
3 0.321875 0.2953125 0.084375 0.1203125
5 0.27734375 0.51171875 0.090625 0.134375
5 0.23046875 0.328125 0.1 0.15
3 0.27421875 0.10703125 0.0828125 0.1234375
5 0.184375 0.14296875 0.090625 0.140625
0 0.43515625 0.85078125 0.084375 0.121875
2 0.25703125 0.87421875 0.1046875 0.1359375
12 0.0875 0.29765625 0.1 0.1390625
6 0.53125 0.78828125 0.0796875 0.115625
1 0.478125 0.43125 0.0875 0.1265625
10 0.3390625 0.875 0.0859375 0.1234375
8 0.16328125 0.61484375 0.0953125 0.1265625
11 0.3765625 0.07421875 0.084375 0.1265625
7 0.42578125 0.2421875 0.0859375 0.1296875