11 0.1546875 0.5953125 0.1609375 0.090625
2 0.67421875 0.43515625 0.16640625 0.10859375
5 0.6734375 0.28515625 0.15625 0.09921875
12 0.9578125 0.49765625 0.08359375 0.090625
0 0.41484375 0.2890625 0.14765625 0.0921875
7 0.140625 0.44375 0.1640625 0.084375
5 0.671875 0.5875 0.15546875 0.1046875
1 0.1328125 0.2828125 0.15234375 0.08984375
10 0.43359375 0.5953125 0.14609375 0.08671875
6 0.4375 0.4390625 0.140625 0.08203125
9 0.00168125 0.2240806078125 0.0119666671875 0.676827103125 0.8399749999999999 0.6638492984375 0.8245458328125 0.21398715 0.00168125 0.2240806078125