3 0.58984375 0.5203125 0.1109375 0.078125
5 0.42265625 0.45703125 0.1140625 0.0890625
3 0.61953125 0.6125 0.1140625 0.08125
5 0.43828125 0.5578125 0.1234375 0.096875
4 0.77421875 0.47890625 0.1109375 0.075
4 0.79609375 0.58046875 0.1203125 0.084375
5 0.45390625 0.65390625 0.1171875 0.0890625
9 0.60546875 0.5234375 0.61875 0.4234375
11 0.75625 0.38515625 0.11875 0.08125
10 0.575 0.42109375 0.1109375 0.078125
0 0.65859375 0.73046875 0.1 0.0640625
1 0.85 0.7 0.0875 0.0328125
2 0.4734375 0.77109375 0.0953125 0.0640625
7 0.75546875 0.7140625 0.1078125 0.0515625
12 0.9375 0.67421875 0.0953125 0.046875
8 0.34453125 0.79921875 0.1203125 0.0734375
6 0.56640625 0.7515625 0.1 0.0640625