3 0.62421875 0.5234375 0.1015625 0.0703125
5 0.77265625 0.56015625 0.103125 0.0765625
0 0.57890625 0.65234375 0.09375 0.0671875
2 0.75 0.70234375 0.103125 0.0734375
9 0.640625 0.440625 0.54375 0.36875
5 0.78671875 0.47265625 0.1140625 0.0890625
4 0.47109375 0.49296875 0.0984375 0.06875
1 0.41328125 0.6109375 0.0953125 0.06875
12 0.80859375 0.38125 0.115625 0.0875
7 0.4921875 0.40234375 0.096875 0.0671875
10 0.6671875 0.35078125 0.1 0.071875
8 0.8625 0.70625 0.1171875 0.0765625
11 0.50703125 0.31875 0.096875 0.071875
3 0.653125 0.43984375 0.0921875 0.065625