3 0.38125 0.40078125 0.0859375 0.13125
5 0.30078125 0.628125 0.0890625 0.146875
3 0.3546875 0.1859375 0.0875 0.140625
3 0.41328125 0.60390625 0.084375 0.13125
5 0.2765625 0.41640625 0.1 0.1703125
5 0.25078125 0.20546875 0.0921875 0.159375
9 0.390625 0.4046875 0.4640625 0.703125
12 0.11796875 0.34140625 0.1015625 0.1515625
2 0.2296875 0.96015625 0.103125 0.0796875
1 0.534375 0.596875 0.0828125 0.13125
7 0.50546875 0.378125 0.084375 0.1296875
0 0.42265625 0.97265625 0.0734375 0.0546875
6 0.5359375 0.95546875 0.071875 0.0890625
11 0.4765625 0.17421875 0.084375 0.14375
10 0.315625 0.971875 0.078125 0.05625
8 0.1609375 0.69921875 0.0953125 0.1375