2 0.72890625 0.42734375 0.1109375 0.059375
4 0.70234375 0.6109375 0.10625 0.0609375
12 0.3890625 0.40703125 0.115625 0.0609375
0 0.70859375 0.51796875 0.1046875 0.0578125
11 0.36484375 0.584375 0.096875 0.05625
7 0.52734375 0.59765625 0.0984375 0.059375
8 0.5578125 0.41875 0.115625 0.0609375
1 0.94453125 0.64921875 0.103125 0.05625
10 0.37578125 0.4890625 0.0984375 0.0546875
6 0.54375 0.5 0.103125 0.0609375
9 0.8396935140625 0.3836803015625 0.3145258875 0.3487526671875 0.26675459375 0.629753146875 0.783763546875 0.6801285890625001 0.8396935140625 0.3836803015625