2 0.7265625 0.41953125 0.109375 0.05546875
4 0.70625 0.60390625 0.10390625 0.05703125
12 0.3859375 0.4109375 0.1140625 0.05703125
0 0.709375 0.5109375 0.103125 0.05390625
11 0.36796875 0.5890625 0.09453125 0.053125
7 0.53046875 0.596875 0.09609375 0.05546875
8 0.5546875 0.41640625 0.1140625 0.05703125
1 0.94921875 0.63359375 0.1015625 0.053125
10 0.37578125 0.49375 0.096875 0.0515625
6 0.54375 0.4984375 0.1015625 0.0578125
9 0.27142499999999997 0.6378142515625 0.7898770828125 0.6701156546875 0.8354270828124999 0.371896028125 0.3093604171875 0.35531775625 0.27142499999999997 0.6378142515625