3 0.70078125 0.51640625 0.09375 0.0640625
3 0.83828125 0.47109375 0.0921875 0.0625
4 0.64921875 0.44765625 0.103125 0.0734375
4 0.79375 0.39453125 0.1015625 0.071875
5 0.8703125 0.5375 0.1125 0.0765625
5 0.73203125 0.5875 0.1015625 0.0703125
9 0.76640625 0.47890625 0.4671875 0.3984375
5 0.97890625 0.48828125 0.0421875 0.0515625
12 0.43828125 0.4640625 0.096875 0.0671875
2 0.5671875 0.65 0.08125 0.0609375
1 0.44140625 0.51015625 0.0875 0.0609375
8 0.59765625 0.69921875 0.09375 0.0703125
7 0.478125 0.540625 0.1015625 0.071875
11 0.928125 0.3453125 0.1 0.06875
10 0.9671875 0.4234375 0.0625 0.059375
0 0.51796875 0.57109375 0.084375 0.0578125
6 0.5421875 0.609375 0.08125 0.059375