3 0.5453125 0.47109375 0.1109375 0.06875
4 0.72421875 0.46015625 0.1171875 0.071875
2 0.3703125 0.65625 0.10625 0.06875
0 0.56953125 0.62734375 0.1 0.065625
5 0.37890625 0.48984375 0.109375 0.075
9 0.5515625 0.37734375 0.5953125 0.3640625
1 0.76640625 0.60546875 0.1140625 0.071875
12 0.37890625 0.28515625 0.1109375 0.0828125
11 0.72109375 0.2546875 0.1078125 0.075
7 0.721875 0.35 0.109375 0.06875
10 0.5328125 0.2703125 0.1078125 0.071875
6 0.53046875 0.3734375 0.103125 0.065625
8 0.37421875 0.38984375 0.11875 0.078125