5 0.5640625 0.30859375 0.146875 0.0796875
2 0.928125 0.2921875 0.1328125 0.084375
5 0.35078125 0.3171875 0.1671875 0.084375
0 0.90703125 0.4375 0.13125 0.0703125
3 0.3421875 0.42578125 0.1234375 0.0734375
3 0.553125 0.4296875 0.1328125 0.075
1 0.8875 0.575 0.134375 0.075
9 0.3578125 0.43984375 0.6921875 0.4109375
4 0.559375 0.55234375 0.128125 0.075
12 0.12109375 0.31875 0.1671875 0.0828125
11 0.12265625 0.55546875 0.1421875 0.0734375
7 0.32421875 0.55625 0.1375 0.075
0 0.890625 0.36484375 0.125 0.0734375
2 0.8953125 0.2 0.1390625 0.09375
10 0.12265625 0.4296875 0.128125 0.071875