9 0.5109375 0.68203125 0.50625 0.6359375
3 0.53984375 0.55078125 0.096875 0.140625
4 0.38203125 0.75703125 0.09375 0.134375
4 0.4125 0.534375 0.1015625 0.1453125
3 0.515625 0.75859375 0.090625 0.1328125
3 0.48125 0.95 0.084375 0.1
4 0.3609375 0.93671875 0.08125 0.1015625
0 0.63046875 0.21484375 0.090625 0.134375
1 0.52890625 0.07421875 0.1140625 0.1484375
2 0.67109375 0.56953125 0.109375 0.159375
7 0.55234375 0.23046875 0.11875 0.184375
11 0.46171875 0.1734375 0.109375 0.1703125
10 0.634375 0.07734375 0.090625 0.1296875
12 0.59765625 0.95 0.1015625 0.1
8 0.63515625 0.7828125 0.1078125 0.1671875
6 0.7015625 0.0953125 0.0921875 0.1421875