5 0.8359375 0.69765625 0.240625 0.1390625
5 0.1703125 0.60546875 0.2390625 0.1453125
5 0.50625 0.65234375 0.26875 0.153125
11 0.91328125 0.34609375 0.1734375 0.1359375
3 0.2203125 0.42578125 0.2203125 0.1375
12 0.60234375 0.89765625 0.2265625 0.153125
7 0.59921875 0.2875 0.2046875 0.14375
1 0.240625 0.22578125 0.215625 0.153125
10 0.8859375 0.53671875 0.215625 0.128125
8 0.06953125 0.8296875 0.1390625 0.159375
6 0.54375 0.490625 0.2078125 0.134375
9 1 0.26295851875 0.0702274703125 0.0804865578125 0 0.5385580765625 0 0.6940007265625 0.9381776953125 0.833908725 1 0.48201333437500005 1 0.26295851875