5 0.41640625 0.36484375 0.18359375 0.0859375
5 0.6578125 0.36171875 0.16328125 0.0828125
3 0.64921875 0.490625 0.14921875 0.078125
9 0.41875 0.49375 0.7328125 0.4109375
4 0.659375 0.6234375 0.14140625 0.07890625
11 0.16953125 0.628125 0.1421875 0.0765625
12 0.165625 0.36484375 0.178125 0.08515625
1 0.96328125 0.6484375 0.07265625 0.078125
7 0.4078125 0.62734375 0.1375 0.07734375
0 0.96953125 0.503125 0.059375 0.06875
10 0.16484375 0.48671875 0.14609375 0.075
7 0.98125 0.37265625 0.03359375 0.0390625
8 0.95703125 0.2625 0.08515625 0.07734375
6 0.421875 0.446875 0.4453125 0.45 0.4703125 0.4671875 0.4734375 0.4765625 0.4734375 0.4953125 0.4640625 0.5046875 0.459375 0.5078125 0.45 0.509375 0.446875 0.5125 0.4359375 0.5125 0.4265625 0.5171875 0.3875 0.5171875 0.3828125 0.5140625 0.3734375 0.5125 0.3625 0.5046875 0.35 0.4921875 0.3484375 0.4875 0.35 0.4703125 0.353125 0.46875 0.35625 0.4625 0.3640625 0.459375 0.36875 0.4546875 0.396875 0.446875 0.4203125 0.446875