2 0.58046875 0.2484375 0.1109375 0.0828125
0 0.40546875 0.30625 0.096875 0.0734375
3 0.4671875 0.4421875 0.10625 0.075
11 0.36875 0.65703125 0.103125 0.0765625
9 0.4859375 0.528125 0.5765625 0.4046875
1 0.23046875 0.35625 0.10625 0.0796875
4 0.3078125 0.47890625 0.1125 0.0765625
7 0.3375 0.571875 0.1046875 0.0734375
5 0.61953125 0.39765625 0.109375 0.08125
12 0.67578125 0.578125 0.1046875 0.08125
8 0.64765625 0.4875 0.1125 0.0828125
10 0.53359375 0.615625 0.1 0.071875
6 0.50859375 0.52421875 0.1 0.0703125