9 0.59609375 0.45 0.80078125 0.471875
5 0.34375 0.596875 0.1828125 0.084375
5 0.6171875 0.596875 0.196875 0.09296875
5 0.8828125 0.596875 0.17421875 0.08515625
11 0.33046875 0.30546875 0.15 0.08828125
0 0.87734375 0.453125 0.1703125 0.084375
1 0.89140625 0.29453125 0.16015625 0.08984375
7 0.603125 0.29921875 0.15234375 0.0921875
12 0.5078125 0.77890625 0.16953125 0.09765625
10 0.33125 0.46484375 0.17578125 0.09375
6 0.61015625 0.46484375 0.14921875 0.07890625
8 0.9984375 0.7328125 0.9984375 0.8234375 0.9890625 0.8265625 0.9734375 0.8203125 0.96875 0.821875 0.9609375 0.8140625 0.95 0.809375 0.946875 0.8046875 0.91875 0.790625 0.915625 0.7859375 0.896875 0.7765625 0.8859375 0.7671875 0.88125 0.7671875 0.871875 0.7546875 0.878125 0.75 0.890625 0.75 0.896875 0.746875 0.9140625 0.746875 0.925 0.7421875 0.978125 0.7375 0.996875 0.7328125