3 0.315625 0.4875 0.1390625 0.090625
3 0.5140625 0.53359375 0.1359375 0.0890625
5 0.48359375 0.6328125 0.171875 0.103125
4 0.54921875 0.41484375 0.128125 0.0890625
4 0.33671875 0.36953125 0.1375 0.090625
5 0.278125 0.59375 0.1515625 0.09375
9 0.5078125 0.51953125 0.721875 0.484375
10 0.72421875 0.5765625 0.140625 0.090625
12 0.69296875 0.6796875 0.1609375 0.1015625
11 0.7515625 0.45625 0.1453125 0.090625
1 0.07109375 0.284375 0.0890625 0.0796875
8 0.0171875 0.6171875 0.034375 0.065625
0 0.03671875 0.41171875 0.065625 0.06875
6 0.03203125 0.478125 0.0640625 0.06875