9 0.57421875 0.525 0.596875 0.3953125
2 0.07109375 0.5765625 0.128125 0.0765625
5 0.38984375 0.60703125 0.1296875 0.0765625
5 0.5703125 0.62578125 0.1359375 0.0796875
0 0.11640625 0.459375 0.1125 0.0671875
3 0.415625 0.509375 0.1125 0.0703125
12 0.7546875 0.646875 0.1375 0.0765625
8 0.1046875 0.65703125 0.1234375 0.084375
11 0.784375 0.4546875 0.1171875 0.0671875
4 0.4234375 0.403125 0.1171875 0.0734375
7 0.61640625 0.43046875 0.1140625 0.0703125
1 0.14609375 0.34375 0.1140625 0.0703125
10 0.76796875 0.5578125 0.1140625 0.0703125
6 0.5953125 0.53984375 0.1078125 0.06875