4 0.3703125 0.6 0.07109375 0.1140625
5 0.5921875 0.3796875 0.06796875 0.134375
4 0.37578125 0.7890625 0.065625 0.11328125
5 0.58828125 0.77890625 0.06328125 0.1390625
4 0.3640625 0.3890625 0.07421875 0.121875
5 0.590625 0.5828125 0.06875 0.15078125
9 0.475 0.5828125 0.3703125 0.63828125
2 0.709375 0.04140625 0.07578125 0.0796875
12 0.725 0.65546875 0.07265625 0.12890625
6 0.4921875 0.59453125 0.07109375 0.121875
0 0.48359375 0.39296875 0.0671875 0.11875
8 0.6046875 0.021875 0.075 0.04375
11 0.3578125 0.0625 0.0765625 0.125
10 0.490625 0.79765625 0.0625 0.11484375
8 0.73125 0.315625 0.06953125 0.11953125