9 0.61875 0.41953125 0.625 0.33984375
11 0.81875 0.30625 0.11875 0.07265625
1 0.83984375 0.69609375 0.11953125 0.0703125
12 0.42421875 0.30390625 0.11484375 0.08046875
3 0.60703125 0.52578125 0.121875 0.0671875
0 0.6203125 0.69609375 0.10390625 0.06484375
2 0.40078125 0.70859375 0.11171875 0.071875
4 0.80703125 0.5328125 0.125 0.06640625
7 0.81640625 0.41640625 0.11796875 0.06328125
8 0.42265625 0.41953125 0.11640625 0.071875
5 0.4171875 0.52890625 0.11328125 0.06953125
10 0.60546875 0.30390625 0.11015625 0.06640625
6 0.5953125 0.41640625 0.10625 0.059375