4 0.36171875 0.384375 0.1265625 0.08125
3 0.584375 0.44296875 0.11875 0.08125
3 0.56015625 0.34453125 0.115625 0.0765625
5 0.72109375 0.31328125 0.1390625 0.096875
5 0.7640625 0.4125 0.128125 0.0875
4 0.39609375 0.48984375 0.1296875 0.084375
5 0.68046875 0.2171875 0.125 0.0875
2 0.81015625 0.5375 0.134375 0.0796875
12 0.30625 0.66875 0.1265625 0.090625
3 0.51875 0.24453125 0.1125 0.0765625
0 0.61015625 0.58359375 0.1078125 0.0734375
1 0.41953125 0.65546875 0.1140625 0.0765625
7 0.5171875 0.6203125 0.128125 0.0859375
9 0.5453125 0.365625 0.7 0.425
8 0.9359375 0.5109375 0.128125 0.084375
10 0.7 0.6171875 0.1234375 0.08125
6 0.70859375 0.56015625 0.1109375 0.0734375
11 0.33125 0.2796875 0.1078125 0.084375