3 0.503125 0.30703125 0.0984375 0.134375
4 0.61171875 0.34765625 0.1015625 0.1359375
4 0.66875 0.1453125 0.0953125 0.1265625
3 0.5515625 0.11484375 0.0921875 0.1265625
0 0.38828125 0.5875 0.0875 0.1203125
9 0.52734375 0.24140625 0.4796875 0.4828125
1 0.4546875 0.73828125 0.1125 0.15625
2 0.3890625 0.27109375 0.1109375 0.153125
10 0.3703125 0.71015625 0.090625 0.128125
11 0.5234375 0.6546875 0.109375 0.153125
6 0.31640625 0.67578125 0.0875 0.121875
7 0.45390625 0.5921875 0.109375 0.1515625
8 0.44609375 0.0765625 0.1078125 0.153125