9 0.6765625 0.58359375 0.4640625 0.6671875
5 0.82265625 0.74375 0.090625 0.1453125
2 0.7640625 0.0390625 0.103125 0.078125
3 0.68984375 0.59140625 0.08125 0.1171875
3 0.6421875 0.41796875 0.084375 0.1203125
3 0.73515625 0.77734375 0.08125 0.1234375
5 0.740625 0.37265625 0.0890625 0.1359375
5 0.78203125 0.559375 0.096875 0.153125
1 0.53828125 0.4484375 0.084375 0.125
0 0.58671875 0.0484375 0.0828125 0.096875
12 0.9234375 0.5890625 0.0953125 0.13125
11 0.634375 0.81171875 0.0859375 0.1359375
6 0.49140625 0.09609375 0.078125 0.115625
7 0.5875 0.63984375 0.0828125 0.128125
10 0.6828125 0.0359375 0.084375 0.071875
8 0.85390625 0.275 0.1015625 0.125