4 0.5515625 0.63359375 0.071875 0.125
3 0.40703125 0.22421875 0.06875 0.128125
3 0.43359375 0.64296875 0.06875 0.1203125
4 0.5390625 0.4171875 0.071875 0.11875
3 0.41640625 0.44296875 0.065625 0.11875
4 0.5265625 0.2203125 0.0671875 0.125
0 0.41875 0.9421875 0.0625 0.115625
12 0.2953125 0.24140625 0.08125 0.15
2 0.31484375 0.665625 0.078125 0.134375
7 0.48203125 0.91796875 0.0796875 0.1578125
8 0.30546875 0.45 0.078125 0.1421875
11 0.56796875 0.9640625 0.0625 0.071875
9 0.571875 0.040625 0.603125 0.0375 0.6046875 0.034375 0.6234375 0.034375 0.628125 0.059375 0.628125 0.1203125 0.63125 0.153125 0.6296875 0.18125 0.6359375 0.2390625 0.634375 0.24375 0.6359375 0.2796875 0.6390625 0.2890625 0.6375 0.290625 0.6375 0.3078125 0.6390625 0.309375 0.6375 0.3140625 0.6421875 0.3375 0.640625 0.34375 0.6421875 0.3453125 0.6421875 0.4 0.6453125 0.4125 0.64375 0.415625 0.6453125 0.41875 0.64375 0.4625 0.65 0.4953125 0.6484375 0.53125 0.6515625 0.534375 0.65 0.5375 0.653125 0.5640625 0.6515625 0.5703125 0.6546875 0.571875 0.653125 0.5765625 0.65625 0.58125 0.6546875 0.5828125 0.65625 0.5875 0.6546875 0.5890625 0.65625 0.59375 0.6546875 0.5953125 0.65625 0.6015625 0.6546875 0.603125 0.65625 0.609375 0.6546875 0.61875 0.65625 0.6203125 0.65625 0.6609375 0.659375 0.6703125 0.6578125 0.6765625 0.659375 0.70625 0.6578125 0.7078125 0.6609375 0.715625 0.6609375 0.7515625 0.6640625 0.778125 0.6625 0.784375 0.6640625 0.8109375 0.6578125 0.8140625 0.65625 0.8171875 0.6125 0.8203125 0.6109375 0.8234375 0.5625 0.8265625 0.5609375 0.8296875 0.5421875 0.8296875 0.53125 0.8328125 0.50625 0.8328125 0.5046875 0.8359375 0.4859375 0.8359375 0.484375 0.8328125 0.478125 0.8328125 0.475 0.8375 0.4578125 0.8390625 0.45625 0.8421875 0.4125 0.8453125 0.4109375 0.8484375 0.3796875 0.8515625 0.378125 0.8546875 0.3375 0.8578125 0.3359375 0.8609375 0.3203125 0.8625 0.3171875 0.8609375 0.2953125 0.8640625 0.29375 0.8671875 0.284375 0.86875 0.278125 0.8671875 0.259375 0.8703125 0.2578125 0.8734375 0.2234375 0.8734375 0.221875 0.8390625 0.2203125 0.8375 0.2234375 0.821875 0.2203125 0.8203125 0.215625 0.7703125 0.2171875 0.7625 0.215625 0.7609375 0.2171875 0.7453125 0.215625 0.74375 0.215625 0.6875 0.2140625 0.6859375 0.215625 0.6703125 0.2125 0.6625 0.2125 0.6328125 0.2109375 0.63125 0.2125 0.584375 0.2109375 0.5828125 0.2109375 0.55625 0.2078125 0.55 0.209375 0.534375 0.20625 0.53125 0.2078125 0.503125 0.2015625 0.46875 0.2 0.4125 0.196875 0.3953125 0.1984375 0.3921875 0.196875 0.353125 0.1984375 0.3515625 0.196875 0.3390625 0.19375 0.3328125 0.19375 0.328125 0.196875 0.3265625 0.19375 0.30625 0.19375 0.284375 0.1953125 0.2828125 0.1921875 0.2765625 0.1921875 0.225 0.190625 0.2234375 0.190625 0.2078125 0.1921875 0.20625 0.1875 0.1578125 0.1875 0.10625 0.19375 0.1015625 0.2109375 0.1 0.2125 0.096875 0.253125 0.09375 0.2546875 0.090625 0.2609375 0.0890625 0.296875 0.0875 0.2984375 0.084375 0.309375 0.0828125 0.3125 0.084375 0.3171875 0.08125 0.325 0.08125 0.3265625 0.078125 0.36875 0.075 0.3703125 0.071875 0.3828125 0.071875 0.3890625 0.06875 0.403125 0.0703125 0.409375 0.06875 0.4109375 0.065625 0.4203125 0.065625 0.428125 0.0625 0.4515625 0.0625 0.453125 0.059375 0.4875 0.05625 0.4890625 0.053125 0.51875 0.0515625 0.5296875 0.05 0.53125 0.046875 0.55 0.046875 0.571875 0.0421875