9 0.4234375 0.4828125 0.5671875 0.3390625
2 0.91875 0.37890625 0.121875 0.0640625
5 0.5984375 0.38203125 0.125 0.0640625
5 0.4171875 0.38203125 0.1296875 0.065625
0 0.8859375 0.50078125 0.1078125 0.05625
3 0.5828125 0.48203125 0.1078125 0.059375
12 0.23203125 0.38046875 0.13125 0.0640625
8 0.8765625 0.30234375 0.1171875 0.0734375
11 0.221875 0.575 0.1125 0.05625
4 0.5859375 0.58828125 0.1109375 0.0625
7 0.39140625 0.58125 0.109375 0.059375
1 0.86796875 0.61796875 0.109375 0.059375
10 0.22734375 0.4703125 0.109375 0.059375
6 0.4015625 0.4703125 0.103125 0.0578125