9 0.58203125 0.51796875 0.56171875 0.315625
3 0.578125 0.61171875 0.10234375 0.059375
12 0.39140625 0.4234375 0.103125 0.06796875
4 0.75703125 0.61171875 0.1078125 0.059375
11 0.72734375 0.4125 0.10390625 0.0609375
5 0.4109375 0.621875 0.10546875 0.0640625
1 0.81171875 0.753125 0.0984375 0.05546875
10 0.5453125 0.41640625 0.10078125 0.05859375
7 0.74140625 0.5078125 0.10703125 0.05859375
8 0.40078125 0.5234375 0.10625 0.0671875
2 0.421875 0.765625 0.09921875 0.02890625
6 0.55234375 0.51640625 0.09453125 0.05546875
0 0.61640625 0.75859375 0.08828125 0.04453125