9 0.48359375 0.50703125 0.453125 0.2609375
4 0.48046875 0.5859375 0.0828125 0.046875
5 0.621875 0.42265625 0.09921875 0.05
4 0.63359375 0.58359375 0.08984375 0.05
5 0.4765625 0.42578125 0.11171875 0.05390625
5 0.33125 0.43125 0.10390625 0.04765625
3 0.6203125 0.5015625 0.08828125 0.04765625
3 0.47734375 0.49921875 0.08359375 0.04609375
7 0.853125 0.59453125 0.08671875 0.0453125
2 0.803125 0.421875 0.08203125 0.04921875
7 0.83359375 0.55078125 0.09140625 0.04765625
12 0.8421875 0.64140625 0.09921875 0.04765625
6 0.80625 0.4640625 0.0796875 0.04375
0 0.809375 0.5078125 0.084375 0.04140625
8 0.79921875 0.36328125 0.0859375 0.05546875
11 0.33203125 0.5890625 0.08125 0.04609375
11 0.32578125 0.503125 0.08671875 0.04765625