4 0.58125 0.6 0.0671875 0.1
4 0.49296875 0.6015625 0.0671875 0.10625
4 0.39375 0.59921875 0.0734375 0.109375
5 0.62421875 0.29296875 0.078125 0.1046875
9 0.50625 0.44609375 0.3828125 0.5796875
5 0.53125 0.2828125 0.0875 0.1171875
5 0.43671875 0.27109375 0.0765625 0.1078125
12 0.59375 0.08515625 0.0765625 0.11875
2 0.2984375 0.09453125 0.0609375 0.125
0 0.4203125 0.3828125 0.428125 0.384375 0.440625 0.396875 0.440625 0.4015625 0.4453125 0.4109375 0.44375 0.4125 0.4453125 0.440625 0.4421875 0.4484375 0.4359375 0.459375 0.4234375 0.4734375 0.4078125 0.475 0.4 0.4703125 0.396875 0.4609375 0.39375 0.459375 0.3890625 0.4390625 0.390625 0.4359375 0.3890625 0.4265625 0.39375 0.4109375 0.3984375 0.40625 0.4046875 0.39375 0.4203125 0.384375
6 0.5140625 0.378125 0.528125 0.38125 0.534375 0.3875 0.534375 0.3921875 0.5390625 0.3953125 0.5375 0.3984375 0.5390625 0.4046875 0.5375 0.4359375 0.5234375 0.4640625 0.5140625 0.46875 0.503125 0.4671875 0.4890625 0.453125 0.4859375 0.4359375 0.4875 0.4140625 0.496875 0.3953125 0.5015625 0.390625 0.5015625 0.3875 0.5078125 0.38125 0.5125 0.3796875
10 0.603125 0.39375 0.6109375 0.390625 0.6234375 0.3921875 0.6328125 0.4046875 0.6375 0.421875 0.6328125 0.453125 0.6265625 0.4640625 0.6171875 0.4734375 0.609375 0.475 0.6078125 0.478125 0.596875 0.4765625 0.5921875 0.4703125 0.5875 0.46875 0.584375 0.4625 0.5828125 0.4546875 0.584375 0.45 0.58125 0.4421875 0.5859375 0.415625 0.59375 0.4046875 0.5984375 0.4015625 0.5984375 0.3984375 0.603125 0.3953125