3 0.63828125 0.6625 0.0890625 0.125
3 0.59609375 0.4796875 0.0875 0.1203125
3 0.54296875 0.290625 0.0859375 0.1234375
5 0.74609375 0.64609375 0.0921875 0.1359375
5 0.690625 0.4578125 0.1046875 0.1546875
5 0.6375 0.26796875 0.0953125 0.140625
9 0.58828125 0.4875 0.4890625 0.675
1 0.53359375 0.69375 0.0921875 0.1296875
12 0.8 0.3515625 0.1015625 0.1359375
7 0.48046875 0.496875 0.0859375 0.1203125
11 0.43828125 0.31796875 0.0890625 0.13125
8 0.8703125 0.61875 0.884375 0.628125 0.909375 0.653125 0.91875 0.6578125 0.9234375 0.6625 0.93125 0.6796875 0.93125 0.690625 0.9109375 0.7109375 0.9125 0.7125 0.909375 0.7125 0.896875 0.725 0.8859375 0.728125 0.878125 0.728125 0.8765625 0.725 0.8734375 0.725 0.8671875 0.7109375 0.86875 0.70625 0.865625 0.7 0.8671875 0.6953125 0.865625 0.6828125 0.8625 0.6765625 0.859375 0.6578125 0.8609375 0.65625 0.859375 0.6515625 0.8609375 0.646875 0.8578125 0.640625 0.859375 0.6296875 0.85625 0.621875 0.8609375 0.61875 0.86875 0.61875