4 0.32578125 0.35703125 0.12109375 0.0703125
4 0.56015625 0.35625 0.134375 0.075
4 0.115625 0.359375 0.12890625 0.06640625
7 0.90859375 0.4890625 0.171875 0.0953125
9 0.34453125 0.47890625 0.68515625 0.39453125
12 0.0921875 0.60078125 0.171875 0.07734375
1 0.93515625 0.3546875 0.1296875 0.07421875
11 0.87421875 0.65 0.15390625 0.0921875
0 0.54375 0.48515625 0.13203125 0.06875
2 0.5515625 0.61171875 0.146875 0.0734375
6 0.31875 0.4921875 0.1375 0.07421875
8 0.32421875 0.60625 0.15703125 0.0765625
10 0.09140625 0.48671875 0.13828125 0.06796875