9 0.3875 0.3796875 0.5625 0.359375
3 0.3734375 0.384375 0.103125 0.0609375
3 0.534375 0.39921875 0.1015625 0.0609375
5 0.3609375 0.46640625 0.1296875 0.071875
5 0.525 0.490625 0.1171875 0.0671875
2 0.7921875 0.5296875 0.1046875 0.0609375
4 0.56640625 0.30546875 0.1078125 0.0671875
0 0.803125 0.421875 0.1015625 0.059375
1 0.82109375 0.31640625 0.1140625 0.06875
12 0.1875 0.4421875 0.121875 0.0640625
6 0.77265625 0.47421875 0.0953125 0.05625
10 0.20234375 0.36015625 0.109375 0.0640625
8 0.73984375 0.59296875 0.1046875 0.0640625
11 0.21875 0.2609375 0.1015625 0.065625
7 0.3875 0.28203125 0.1125 0.0671875