3 0.509375 0.546875 0.1046875 0.0703125
9 0.50390625 0.55703125 0.5453125 0.3828125
2 0.07265625 0.5484375 0.1125 0.075
3 0.3578125 0.584375 0.1078125 0.071875
0 0.10546875 0.64765625 0.10625 0.06875
4 0.36640625 0.6765625 0.109375 0.075
1 0.134375 0.74375 0.1125 0.0734375
12 0.65234375 0.434375 0.115625 0.075
5 0.4921875 0.46875 0.13125 0.08125
11 0.6890625 0.6078125 0.103125 0.0703125
5 0.33203125 0.4984375 0.115625 0.0765625
8 0.090625 0.478125 0.1171875 0.08125
10 0.671875 0.5140625 0.103125 0.06875
6 0.1125 0.5921875 0.0984375 0.065625
7 0.53359375 0.63984375 0.103125 0.071875