9 0.3015625 0.51484375 0.603125 0.4765625
3 0.428125 0.53125 0.1484375 0.0890625
3 0.20078125 0.51796875 0.140625 0.084375
4 0.4453125 0.3953125 0.1484375 0.09375
4 0.203125 0.37734375 0.1375 0.0890625
5 0.43125 0.66015625 0.165625 0.0953125
5 0.1984375 0.634375 0.1796875 0.1
2 0.73125 0.6859375 0.134375 0.09375
0 0.7453125 0.54375 0.1421875 0.0828125
7 0.7859375 0.4734375 0.1515625 0.090625
5 0.0265625 0.60859375 0.053125 0.0703125
12 0.80234375 0.3234375 0.165625 0.1
8 0.7234375 0.78125 0.1390625 0.10625
1 0.815625 0.40234375 0.1484375 0.0890625
6 0.73828125 0.61484375 0.134375 0.08125
4 0.02890625 0.36484375 0.0421875 0.0734375
3 0.01875 0.49921875 0.0375 0.0671875