9 0.51640625 0.42734375 0.36875 0.625
4 0.6203125 0.21953125 0.06328125 0.11484375
4 0.62578125 0.40703125 0.06953125 0.11171875
4 0.63046875 0.61953125 0.071875 0.121875
5 0.40625 0.22890625 0.065625 0.14140625
5 0.39921875 0.62421875 0.06875 0.1328125
5 0.40390625 0.4265625 0.07421875 0.15078125
12 0.26796875 0.35390625 0.0703125 0.128125
3 0.5125 0.61328125 0.065625 0.1171875
11 0.63515625 0.9421875 0.0765625 0.115625
2 0.28671875 0.9625 0.0703125 0.0703125
7 0.26015625 0.690625 0.06953125 0.11796875
6 0.50078125 0.41015625 0.06328125 0.115625
10 0.5046875 0.2109375 0.06015625 0.11875
8 0.38984375 0.9828125 0.06953125 0.0328125