3 0.534375 0.4828125 0.1171875 0.0796875
4 0.54140625 0.38203125 0.11875 0.0828125
9 0.69453125 0.50859375 0.6015625 0.41875
0 0.26171875 0.4203125 0.1125 0.0734375
2 0.2234375 0.52421875 0.125 0.0828125
5 0.5109375 0.575 0.125 0.08125
1 0.28671875 0.3125 0.1234375 0.0828125
12 0.8671875 0.64140625 0.140625 0.0875
11 0.89921875 0.45078125 0.1265625 0.08125
6 0.70703125 0.5234375 0.10625 0.0734375
10 0.88359375 0.55390625 0.115625 0.078125
8 0.68828125 0.60703125 0.134375 0.0875
7 0.728125 0.4171875 0.115625 0.078125