3 0.50078125 0.45234375 0.0953125 0.05234375
9 0.5078125 0.44296875 0.49609375 0.28515625
2 0.928125 0.54140625 0.103125 0.05546875
3 0.65703125 0.446875 0.0984375 0.053125
0 0.91640625 0.4375 0.0984375 0.05
4 0.6671875 0.3546875 0.10078125 0.05546875
1 0.90859375 0.3375 0.103125 0.053125
12 0.3375 0.5328125 0.10703125 0.0546875
5 0.5015625 0.53203125 0.121875 0.05703125
11 0.3375 0.35546875 0.09375 0.05234375
5 0.6640625 0.53671875 0.10625 0.05546875
8 0.89609375 0.60625 0.1078125 0.059375
10 0.334375 0.45078125 0.09453125 0.05078125
6 0.8984375 0.490625 0.090625 0.0484375
7 0.49609375 0.35625 0.09375 0.05390625