4 0.27109375 0.45390625 0.125 0.0703125
3 0.471875 0.4546875 0.121875 0.071875
0 0.4453125 0.28125 0.1046875 0.06875
2 0.66484375 0.26015625 0.11875 0.0765625
9 0.4640625 0.55859375 0.625 0.3609375
12 0.6609375 0.66796875 0.11875 0.084375
5 0.66015625 0.44296875 0.1171875 0.0734375
7 0.27421875 0.571875 0.115625 0.06875
11 0.278125 0.68046875 0.1125 0.071875
1 0.22578125 0.29140625 0.1171875 0.0765625
8 0.66171875 0.55390625 0.125 0.0765625
10 0.484375 0.675 0.1125 0.06875
6 0.4890625 0.5625 0.10625 0.0640625