3 0.66015625 0.5328125 0.1078125 0.05546875
4 0.66171875 0.43359375 0.10859375 0.06015625
0 0.94609375 0.51640625 0.10703125 0.05546875
9 0.49609375 0.53125 0.5578125 0.309375
1 0.928125 0.40625 0.11328125 0.0546875
2 0.67890625 0.63359375 0.115625 0.0609375
6 0.48671875 0.5453125 0.10078125 0.0546875
11 0.30546875 0.44609375 0.11015625 0.05625
12 0.31796875 0.6359375 0.1171875 0.0609375
10 0.31171875 0.54765625 0.1015625 0.05625
7 0.471875 0.44140625 0.10234375 0.05625
8 0.496875 0.63359375 0.12265625 0.06484375