3 0.44921875 0.56171875 0.1140625 0.0609375
4 0.45234375 0.45390625 0.1109375 0.06328125
0 0.75703125 0.54609375 0.10859375 0.0578125
1 0.7421875 0.42734375 0.1125 0.059375
7 0.2453125 0.45703125 0.11875 0.059375
2 0.45859375 0.67265625 0.1296875 0.06640625
12 0.06875 0.66953125 0.13515625 0.0671875
6 0.25390625 0.5734375 0.10234375 0.05546875
10 0.06328125 0.571875 0.11484375 0.0625
11 0.06015625 0.4609375 0.1203125 0.0609375
8 0.26328125 0.66875 0.134375 0.06796875
9 0.0034666671875 0.726005840625 0.58055625 0.726005840625 0.5504333328125 0.3810841125 0.006456249999999999 0.3964848125 0.0034666671875 0.726005840625