4 0.76953125 0.53984375 0.12265625 0.06484375
4 0.76640625 0.425 0.11796875 0.0609375
3 0.5625 0.428125 0.1078125 0.06171875
5 0.3984375 0.32109375 0.1125 0.0765625
3 0.57421875 0.534375 0.109375 0.06328125
3 0.565625 0.31640625 0.1046875 0.065625
5 0.39296875 0.5390625 0.11015625 0.0703125
5 0.39453125 0.43203125 0.11875 0.078125
2 0.4 0.6703125 0.11171875 0.0578125
9 0.58359375 0.42734375 0.603125 0.33515625
12 0.91328125 0.696875 0.1234375 0.075
0 0.5953125 0.67421875 0.09609375 0.0609375
1 0.80234375 0.7046875 0.1125 0.06796875
7 0.69765625 0.69140625 0.11015625 0.06875
8 0.2640625 0.6703125 0.11953125 0.0625
11 0.76875 0.315625 0.10859375 0.06796875
6 0.49453125 0.6703125 0.0953125 0.0578125
10 0.52421875 0.7234375 0.1078125 0.06171875