3 0.49453125 0.56953125 0.09453125 0.05078125
4 0.5015625 0.4828125 0.0921875 0.05078125
9 0.34375 0.56953125 0.4921875 0.27578125
5 0.34375 0.65390625 0.1203125 0.05859375
5 0.503125 0.65546875 0.10390625 0.05234375
1 0.72890625 0.465625 0.09453125 0.04921875
2 0.76328125 0.659375 0.10078125 0.05546875
0 0.7390625 0.5609375 0.090625 0.04765625
12 0.1796875 0.6546875 0.11953125 0.05703125
10 0.17890625 0.57421875 0.09609375 0.05078125
7 0.334375 0.4828125 0.09453125 0.05
6 0.33828125 0.57578125 0.08671875 0.04765625
11 0.18125 0.4828125 0.0984375 0.0484375
8 0.728125 0.72265625 0.09765625 0.059375