2 0.27109375 0.33046875 0.1328125 0.0859375
3 0.2890625 0.43359375 0.121875 0.078125
4 0.2859375 0.5359375 0.121875 0.0796875
6 0.4625 0.4421875 0.1203125 0.078125
12 0.6453125 0.36875 0.13125 0.0875
11 0.6484375 0.5703125 0.11875 0.078125
0 0.03984375 0.42421875 0.075 0.0625
8 0.45234375 0.35 0.125 0.0828125
10 0.6484375 0.46171875 0.115625 0.078125
7 0.47109375 0.55234375 0.11875 0.0796875
1 0 0.503125 0.084375 0.5171875 0.0875 0.51875 0.0890625 0.5234375 0.0859375 0.5375 0.0890625 0.5390625 0.0859375 0.559375 0.0734375 0.5625 0.071875 0.5609375 0.0640625 0.5640625 0.0453125 0.559375 0.0015625 0.55625 0 0.5546875 0 0.5046875
9 0.7129538984375 0.3137523390625 0.16480805 0.26285650625 0.195135903125 0.5879365796875 0.75040969375 0.6383953015625 0.7129538984375 0.3137523390625