3 0.4625 0.48046875 0.1203125 0.0703125
3 0.665625 0.48125 0.13125 0.075
5 0.675 0.36328125 0.1484375 0.08125
4 0.45390625 0.60625 0.1140625 0.075
4 0.6765625 0.603125 0.1296875 0.0796875
5 0.46953125 0.375 0.159375 0.084375
9 0.471875 0.4953125 0.6703125 0.4125
0 0.94296875 0.48671875 0.1140625 0.0703125
12 0.95625 0.68828125 0.0875 0.0859375
11 0.2515625 0.6109375 0.1375 0.075
2 0.93828125 0.35703125 0.1125 0.0765625
6 0.94140625 0.4203125 0.1125 0.0734375
1 0.96796875 0.61640625 0.0640625 0.0671875
10 0.25078125 0.48828125 0.121875 0.071875
7 0.95625 0.55234375 0.0875 0.0765625
8 0.93671875 0.26953125 0.10625 0.0921875
5 0.265625 0.35625 0.2671875 0.359375 0.275 0.3609375 0.2875 0.3703125 0.3 0.384375 0.3078125 0.3890625 0.3109375 0.39375 0.3140625 0.39375 0.3171875 0.3984375 0.328125 0.4015625 0.33125 0.409375 0.3296875 0.4140625 0.303125 0.4171875 0.2765625 0.4171875 0.26875 0.4203125 0.2453125 0.41875 0.2140625 0.421875 0.2078125 0.421875 0.1953125 0.4171875 0.1984375 0.409375 0.2078125 0.403125 0.2125 0.3953125 0.2171875 0.3921875 0.2171875 0.3890625 0.2296875 0.3765625 0.2328125 0.3765625 0.234375 0.371875 0.2484375 0.359375 0.253125 0.35625 0.2640625 0.35625