3 0.44609375 0.51484375 0.06875 0.1203125
3 0.43515625 0.71171875 0.06796875 0.11875
3 0.4328125 0.925 0.06640625 0.1234375
4 0.55 0.9203125 0.06484375 0.12109375
4 0.5578125 0.7265625 0.07109375 0.11796875
4 0.56328125 0.5140625 0.0703125 0.121875
9 0.44609375 0.6890625 0.375 0.621875
0 0.42109375 0.20859375 0.06328125 0.1109375
7 0.48671875 0.23125 0.07890625 0.15390625
1 0.52890625 0.09140625 0.08046875 0.14765625
12 0.321875 0.91796875 0.07890625 0.146875
2 0.3453125 0.4375 0.359375 0.4359375 0.3609375 0.446875 0.359375 0.45 0.359375 0.4765625 0.3609375 0.478125 0.359375 0.5296875 0.3609375 0.5359375 0.3578125 0.5609375 0.3546875 0.5640625 0.3484375 0.5640625 0.3421875 0.5578125 0.3421875 0.5546875 0.3359375 0.5484375 0.3296875 0.546875 0.3234375 0.540625 0.3234375 0.5375 0.315625 0.5328125 0.2984375 0.515625 0.2984375 0.5125 0.2890625 0.5046875 0.2890625 0.496875 0.328125 0.4578125 0.328125 0.4546875 0.3328125 0.453125 0.3390625 0.44375 0.3453125 0.4390625
8 0.359375 0.640625 0.3578125 0.6421875 0.359375 0.6515625 0.3625 0.65625 0.359375 0.665625 0.3609375 0.6671875 0.359375 0.675 0.359375 0.7109375 0.3609375 0.7140625 0.359375 0.715625 0.359375 0.746875 0.3578125 0.7484375 0.359375 0.75 0.3578125 0.7546875 0.359375 0.771875 0.3421875 0.7703125 0.2890625 0.7171875 0.2890625 0.709375 0.3 0.6875 0.30625 0.684375 0.3203125 0.66875 0.3265625 0.665625 0.33125 0.65625 0.3375 0.65 0.34375 0.646875 0.3453125 0.64375 0.3578125 0.640625
10 0.428125 0.03125 0.4328125 0.0296875 0.453125 0.03125 0.465625 0.05 0.465625 0.0578125 0.4703125 0.0734375 0.4703125 0.1015625 0.4640625 0.121875 0.4609375 0.125 0.4609375 0.1296875 0.4515625 0.1390625 0.4453125 0.1421875 0.428125 0.140625 0.4171875 0.1265625 0.409375 0.0953125 0.409375 0.0671875 0.4140625 0.05 0.41875 0.0453125 0.421875 0.0375 0.428125 0.0328125
6 0.3671875 0.04375 0.384375 0.0421875 0.39375 0.05 0.403125 0.065625 0.403125 0.071875 0.4078125 0.08125 0.4078125 0.0984375 0.409375 0.1 0.4078125 0.128125 0.4015625 0.1453125 0.39375 0.1546875 0.390625 0.1546875 0.3890625 0.1578125 0.378125 0.1578125 0.3765625 0.1546875 0.371875 0.1546875 0.3625 0.1453125 0.3515625 0.121875 0.3515625 0.1125 0.3484375 0.103125 0.3484375 0.0859375 0.35625 0.05625 0.3671875 0.0453125
11 0.5578125 0.14375 0.5671875 0.140625 0.578125 0.1296875 0.5859375 0.1296875 0.590625 0.140625 0.5953125 0.171875 0.6046875 0.2046875 0.6046875 0.221875 0.603125 0.2265625 0.596875 0.2328125 0.5890625 0.2359375 0.5859375 0.240625 0.571875 0.2484375 0.565625 0.2546875 0.5625 0.2546875 0.5609375 0.2578125 0.553125 0.259375 0.55 0.2578125 0.54375 0.234375 0.54375 0.2234375 0.540625 0.2171875 0.5328125 0.171875 0.5359375 0.1625 0.5484375 0.15 0.5578125 0.1453125