3 0.534375 0.52578125 0.1296875 0.0921875
0 0.60078125 0.68671875 0.115625 0.0890625
5 0.35859375 0.578125 0.13125 0.0984375
2 0.3890625 0.7578125 0.128125 0.0984375
4 0.72734375 0.47890625 0.1296875 0.090625
9 0.51875 0.42109375 0.68125 0.484375
1 0.80859375 0.62578125 0.1265625 0.096875
12 0.30546875 0.3625 0.134375 0.1046875
11 0.665625 0.26640625 0.13125 0.0984375
7 0.69375 0.36640625 0.125 0.0921875
8 0.3265625 0.47265625 0.1359375 0.1
10 0.4703125 0.31796875 0.1234375 0.090625
6 0.4921875 0.425 0.1171875 0.084375