4 0.4515625 0.41015625 0.06484375 0.1171875
4 0.56875 0.390625 0.07109375 0.121875
3 0.465625 0.6171875 0.06640625 0.11328125
4 0.34609375 0.43046875 0.06875 0.11328125
3 0.35 0.63046875 0.071875 0.1125
3 0.5734375 0.58828125 0.06640625 0.1109375
9 0.465625 0.60078125 0.36796875 0.66171875
0 0.73984375 0.61875 0.0640625 0.109375
11 0.74140625 0.36640625 0.07890625 0.13359375
7 0.72578125 0.5078125 0.08828125 0.140625
2 0.58828125 0.79453125 0.0765625 0.1296875
12 0.359375 0.81796875 0.08203125 0.13359375
8 0.471875 0.8015625 0.0828125 0.13359375