3 0.35390625 0.40078125 0.1078125 0.0578125
3 0.53359375 0.40625 0.1109375 0.0578125
4 0.33984375 0.5109375 0.1 0.059375
4 0.53671875 0.51328125 0.109375 0.0625
3 0.16484375 0.40078125 0.11328125 0.05703125
5 0.55 0.30546875 0.125 0.06015625
5 0.17578125 0.3125 0.12421875 0.0609375
5 0.36328125 0.309375 0.1359375 0.06484375
9 0.359375 0.41171875 0.58671875 0.32890625
2 0.78828125 0.309375 0.10390625 0.06796875
12 0.81171875 0.596875 0.12578125 0.06484375
1 0.83046875 0.53515625 0.1140625 0.059375
7 0.81171875 0.47734375 0.1125 0.06328125
0 0.78671875 0.42109375 0.10703125 0.05625
11 0.1484375 0.50546875 0.11875 0.06171875
10 0.88046875 0.38046875 0.1140625 0.065625
8 0.79140625 0.23359375 0.109375 0.075
6 0.784375 0.3640625 0.10390625 0.05625