5 0.5609375 0.4125 0.13125 0.0640625
5 0.384375 0.4140625 0.12265625 0.06015625
5 0.74296875 0.41171875 0.1234375 0.0625
3 0.7328125 0.5109375 0.11328125 0.06015625
9 0.57265625 0.5140625 0.5609375 0.325
11 0.37421875 0.60625 0.10859375 0.05859375
12 0.48828125 0.28984375 0.1109375 0.0625
1 0.73671875 0.61484375 0.109375 0.06171875
6 0.5546875 0.50234375 0.09765625 0.05546875
8 0.80078125 0.2828125 0.109375 0.0640625
10 0.371875 0.5046875 0.103125 0.0546875
7 0.54609375 0.6125 0.1015625 0.0578125