4 0.371875 0.45625 0.1265625 0.0703125
3 0.5765625 0.459375 0.121875 0.06875
4 0.38203125 0.575 0.1234375 0.0640625
3 0.59453125 0.5703125 0.11875 0.065625
5 0.77265625 0.453125 0.121875 0.0765625
2 0.7578125 0.3078125 0.1296875 0.0671875
5 0.77265625 0.56640625 0.128125 0.0875
5 0.771875 0.6796875 0.11875 0.08125
3 0.596875 0.684375 0.1171875 0.0703125
0 0.54375 0.30859375 0.1078125 0.06875
9 0.571875 0.5671875 0.6609375 0.371875
12 0.203125 0.28984375 0.13125 0.0765625
7 0.4328125 0.290625 0.1125 0.071875
1 0.31875 0.28125 0.11875 0.075
10 0.62265625 0.25390625 0.1140625 0.0640625
6 0.65390625 0.309375 0.1078125 0.065625
8 0.9046875 0.30703125 0.140625 0.06875
11 0.3890625 0.68984375 0.1140625 0.078125