3 0.54296875 0.45078125 0.1203125 0.065625
3 0.57265625 0.559375 0.11796875 0.0671875
4 0.759375 0.43671875 0.12734375 0.065625
5 0.34453125 0.34296875 0.12421875 0.084375
3 0.525 0.3296875 0.11484375 0.07265625
4 0.77421875 0.55625 0.1234375 0.06796875
5 0.36796875 0.4609375 0.13046875 0.0875
5 0.38515625 0.57109375 0.11796875 0.07421875
9 0.5625 0.44140625 0.67578125 0.37734375
2 0.42578125 0.7015625 0.11328125 0.0640625
1 0.83359375 0.7140625 0.11796875 0.075
12 0.9359375 0.7015625 0.125 0.08125
7 0.72578125 0.70703125 0.11015625 0.07265625
0 0.61796875 0.69375 0.096875 0.06171875
8 0.28671875 0.70625 0.12265625 0.065625
11 0.74375 0.32265625 0.12421875 0.0734375
6 0.5171875 0.6953125 0.096875 0.06015625
10 0.55546875 0.74375 0.10625 0.06328125