9 0.57265625 0.54140625 0.5234375 0.3546875
4 0.40546875 0.49140625 0.0984375 0.0671875
3 0.55234375 0.4625 0.0953125 0.065625
5 0.7109375 0.5078125 0.1140625 0.0859375
2 0.671875 0.28984375 0.096875 0.071875
5 0.69609375 0.4265625 0.103125 0.0734375
0 0.50703125 0.3390625 0.0890625 0.065625
1 0.3484375 0.378125 0.0953125 0.0671875
6 0.5828125 0.540625 0.0984375 0.065625
10 0.59765625 0.625 0.0953125 0.0671875
12 0.7296875 0.59609375 0.103125 0.078125
11 0.44609375 0.65625 0.0953125 0.06875
7 0.42734375 0.57890625 0.0921875 0.0640625
8 0.7796875 0.28515625 0.10625 0.071875