9 0.47265625 0.47265625 0.60703125 0.33828125
5 0.66953125 0.37109375 0.115625 0.07265625
5 0.640625 0.58828125 0.1109375 0.075
5 0.65625 0.4796875 0.121875 0.08203125
1 0.2875 0.3625 0.11796875 0.0671875
11 0.27578125 0.58203125 0.109375 0.0640625
8 0.91953125 0.34921875 0.12734375 0.06953125
12 0.8890625 0.53359375 0.121875 0.06875
0 0.48515625 0.37109375 0.11015625 0.06484375
10 0.47109375 0.5890625 0.10703125 0.0640625
6 0.4875 0.47890625 0.109375 0.06015625
7 0.278125 0.475 0.1125 0.06171875