11 0.83984375 0.61328125 0.165625 0.0984375
2 0.3296875 0.42578125 0.171875 0.1171875
5 0.33828125 0.2765625 0.1609375 0.1078125
12 0.04296875 0.47265625 0.0859375 0.0953125
0 0.59609375 0.29375 0.1515625 0.1
7 0.86171875 0.4625 0.16875 0.0921875
5 0.3234375 0.578125 0.1609375 0.1125
1 0.878125 0.30234375 0.15625 0.0984375
10 0.5609375 0.5984375 0.15 0.09375
6 0.565625 0.4421875 0.1453125 0.0890625
9 1 0.24975720781250002 0.1908677015625 0.1973937046875 0.15191571406249998 0.64583183125 0.978110084375 0.702126459375 1 0.41109581874999995 1 0.24975720781250002