3 0.3203125 0.55625 0.0578125 0.08984375
3 0.50546875 0.52734375 0.05546875 0.0921875
3 0.41640625 0.55 0.053125 0.0890625
2 0.675 0.8140625 0.0578125 0.109375
9 0.41484375 0.5359375 0.30234375 0.53046875
5 0.32734375 0.70234375 0.06640625 0.0953125
5 0.421875 0.6921875 0.06953125 0.1046875
5 0.5140625 0.68515625 0.06015625 0.09921875
12 0.39140625 0.89453125 0.0609375 0.10625
0 0.6828125 0.5640625 0.05234375 0.0875
1 0.50234375 0.36640625 0.05625 0.096875
8 0.54765625 0.875 0.05390625 0.103125
11 0.3125 0.39296875 0.0578125 0.09453125
6 0.66640625 0.40703125 0.05 0.084375
10 0.68125 0.7046875 0.0515625 0.0890625
7 0.40546875 0.378125 0.0546875 0.09375