3 0.83359375 0.46875 0.1296875 0.0734375
5 0.625 0.35625 0.1609375 0.084375
5 0.8265625 0.36875 0.146875 0.078125
4 0.6328125 0.5765625 0.1171875 0.075
3 0.4296875 0.453125 0.1265625 0.075
4 0.421875 0.56796875 0.125 0.078125
5 0.4203125 0.33984375 0.14375 0.0796875
3 0.62734375 0.45625 0.1203125 0.0734375
9 0.6171875 0.4703125 0.678125 0.4078125
2 0.15859375 0.33359375 0.121875 0.08125
0 0.15859375 0.45390625 0.1234375 0.06875
1 0.1078125 0.5765625 0.134375 0.075
12 0.1234375 0.63984375 0.1484375 0.0828125
7 0.12734375 0.51484375 0.13125 0.075
8 0.16015625 0.25078125 0.125 0.090625
11 0.83515625 0.584375 0.1359375 0.075
10 0.0625 0.40234375 0.11875 0.0765625
6 0.1625 0.39375 0.1171875 0.06875