4 0.41796875 0.575 0.0703125 0.125
4 0.65 0.55859375 0.06875 0.1140625
3 0.4171875 0.365625 0.071875 0.115625
4 0.540625 0.56796875 0.06875 0.121875
3 0.64765625 0.353125 0.071875 0.1125
3 0.53125 0.35078125 0.06875 0.1171875
0 0.2421875 0.31796875 0.0609375 0.1140625
9 0.52265625 0.37421875 0.3703125 0.6453125
2 0.4078125 0.15546875 0.08125 0.14375
12 0.640625 0.1671875 0.0828125 0.1375
7 0.25703125 0.43125 0.084375 0.153125
11 0.24296875 0.58359375 0.05 0.1296875
3 0.646875 0.3453125 0.0390625 0.0796875
8 0.528125 0.0984375 0.53125 0.109375 0.534375 0.1125 0.5359375 0.1234375 0.540625 0.13125 0.5421875 0.140625 0.5453125 0.1421875 0.553125 0.171875 0.55625 0.175 0.55625 0.184375 0.559375 0.190625 0.559375 0.2171875 0.5609375 0.21875 0.5578125 0.2265625 0.525 0.2265625 0.5234375 0.2234375 0.4953125 0.2234375 0.490625 0.2171875 0.490625 0.1984375 0.4953125 0.1875 0.4953125 0.1796875 0.50625 0.1515625 0.515625 0.1171875 0.51875 0.1140625 0.5234375 0.1 0.5265625 0.0984375