3 0.33984375 0.61171875 0.103125 0.1484375
3 0.40703125 0.39453125 0.0984375 0.140625
4 0.3375 0.13359375 0.0984375 0.1453125
4 0.21328125 0.57109375 0.1078125 0.159375
3 0.46328125 0.16484375 0.1 0.15
4 0.27890625 0.33984375 0.1015625 0.1421875
9 0.390625 0.41171875 0.584375 0.8234375
12 0.57578125 0.20390625 0.1109375 0.1765625
0 0.2953125 0.93203125 0.0875 0.0828125
11 0.12578125 0.8953125 0.103125 0.096875
2 0.4453125 0.5859375 0.45 0.5890625 0.4546875 0.5984375 0.465625 0.6109375 0.46875 0.6203125 0.475 0.625 0.48125 0.6375 0.4859375 0.6390625 0.490625 0.6453125 0.4921875 0.65625 0.496875 0.6671875 0.4953125 0.6703125 0.4984375 0.6734375 0.496875 0.6796875 0.4875 0.684375 0.475 0.6984375 0.471875 0.6984375 0.4609375 0.7078125 0.4578125 0.70625 0.4359375 0.71875 0.4296875 0.7265625 0.425 0.728125 0.4109375 0.7265625 0.409375 0.7203125 0.4109375 0.709375 0.4140625 0.70625 0.415625 0.6953125 0.41875 0.6921875 0.4203125 0.6765625 0.425 0.6671875 0.425 0.6609375 0.43125 0.65 0.4296875 0.6453125 0.4328125 0.6296875 0.4375 0.6203125 0.44375 0.5875
8 0.503125 0.35 0.509375 0.3515625 0.5171875 0.3703125 0.521875 0.3734375 0.5296875 0.390625 0.5359375 0.3953125 0.540625 0.403125 0.540625 0.4078125 0.5515625 0.4296875 0.5546875 0.4421875 0.553125 0.4453125 0.5546875 0.4515625 0.5515625 0.4578125 0.546875 0.459375 0.5421875 0.465625 0.5328125 0.4703125 0.53125 0.46875 0.528125 0.4734375 0.525 0.4734375 0.5171875 0.4796875 0.5140625 0.478125 0.5078125 0.4875 0.496875 0.4890625 0.4875 0.496875 0.4796875 0.4984375 0.4765625 0.5015625 0.471875 0.503125 0.465625 0.5015625 0.471875 0.4609375 0.48125 0.4359375 0.484375 0.4125 0.4890625 0.403125 0.49375 0.375 0.496875 0.371875 0.496875 0.365625 0.503125 0.3515625
7 0.2390625 0.828125 0.2453125 0.8296875 0.2484375 0.8359375 0.25 0.8453125 0.253125 0.8484375 0.253125 0.853125 0.2578125 0.8671875 0.2609375 0.8703125 0.2625 0.88125 0.265625 0.884375 0.271875 0.9046875 0.2703125 0.9140625 0.2578125 0.928125 0.24375 0.9578125 0.175 0.9453125 0.1734375 0.9359375 0.1703125 0.9328125 0.171875 0.9296875 0.1671875 0.9234375 0.16875 0.909375 0.178125 0.8953125 0.190625 0.8828125 0.20625 0.8609375 0.2109375 0.8578125 0.215625 0.8484375 0.21875 0.8484375 0.23125 0.8328125 0.2390625 0.8296875