9 0.38046875 0.44296875 0.62109375 0.3484375
4 0.35703125 0.54453125 0.10625 0.0625
4 0.55703125 0.55234375 0.115625 0.0640625
2 0.5765625 0.33359375 0.13515625 0.06875
4 0.1765625 0.5375 0.11015625 0.05859375
1 0.8828125 0.565625 0.11640625 0.059375
12 0.178125 0.328125 0.14296875 0.071875
11 0.85859375 0.3140625 0.13515625 0.0828125
8 0.3796875 0.33125 0.1328125 0.06796875
0 0.5578125 0.44140625 0.11328125 0.059375
7 0.86875 0.453125 0.1453125 0.078125
0 0.16953125 0.4265625 0.1171875 0.0609375
6 0.365625 0.42890625 0.10546875 0.05859375