4 0.259375 0.43046875 0.12734375 0.06875
4 0.2421875 0.54609375 0.11875 0.06328125
3 0.45234375 0.55390625 0.11796875 0.06328125
2 0.6765625 0.315625 0.12578125 0.06328125
3 0.42734375 0.6640625 0.1109375 0.065625
3 0.459375 0.4484375 0.11640625 0.0640625
5 0.6484375 0.45078125 0.1171875 0.07265625
5 0.621875 0.559375 0.12421875 0.0796875
0 0.46171875 0.3015625 0.103125 0.065625
5 0.59609375 0.665625 0.11328125 0.07421875
9 0.4390625 0.54453125 0.6578125 0.35390625
7 0.24921875 0.25859375 0.1078125 0.06640625
12 0.12890625 0.2640625 0.12578125 0.075
7 0.35859375 0.27734375 0.12109375 0.07265625
8 0.81796875 0.32109375 0.13125 0.06484375
10 0.55078125 0.25234375 0.1109375 0.06328125
11 0.225 0.65859375 0.11328125 0.06484375
6 0.56796875 0.31015625 0.103125 0.06015625