9 0.5765625 0.53515625 0.50625 0.721875
2 0.17890625 0.18984375 0.1046875 0.1546875
5 0.42734375 0.3609375 0.103125 0.1375
5 0.653125 0.3296875 0.10625 0.1359375
4 0.63515625 0.7328125 0.090625 0.13125
4 0.5171875 0.75625 0.096875 0.1390625
4 0.7375 0.70703125 0.0921875 0.128125
5 0.5390625 0.34375 0.1140625 0.1484375
12 0.53046875 0.09140625 0.1 0.1421875
11 0.33828125 0.78984375 0.1140625 0.159375
7 0.21015625 0.38359375 0.0921875 0.1515625
8 0.334375 0.1140625 0.0953125 0.1375
0 0.47421875 0.553125 0.09375 0.128125
6 0.5859375 0.52421875 0.1015625 0.1390625
10 0.7015625 0.50390625 0.0890625 0.1203125