3 0.409375 0.48125 0.0515625 0.09296875
3 0.40703125 0.6515625 0.05078125 0.0984375
3 0.4171875 0.3203125 0.053125 0.09921875
5 0.3265625 0.47265625 0.05859375 0.11875
5 0.3265625 0.30703125 0.05390625 0.10625
5 0.32578125 0.6421875 0.05390625 0.11328125
9 0.4203125 0.47734375 0.2984375 0.5359375
1 0.51171875 0.31953125 0.053125 0.09921875
12 0.21171875 0.53671875 0.0609375 0.10234375
7 0.5078125 0.49296875 0.053125 0.09765625
11 0.50078125 0.6546875 0.05234375 0.10234375
2 0.240625 0.0328125 0.05625 0.06484375
6 0.4828125 0.03046875 0.0484375 0.0609375
8 0.21171875 0.253125 0.0609375 0.096875