3 0.59609375 0.53984375 0.11171875 0.06015625
4 0.3875 0.6390625 0.115625 0.06015625
3 0.5875 0.64296875 0.10625 0.0578125
4 0.40390625 0.52734375 0.11953125 0.06328125
5 0.753125 0.6453125 0.12109375 0.078125
5 0.77734375 0.53984375 0.1125 0.06875
3 0.56484375 0.74921875 0.10546875 0.0625
5 0.72890625 0.74765625 0.1109375 0.06875
2 0.8 0.41015625 0.1234375 0.059375
9 0.57421875 0.62265625 0.6453125 0.3125
12 0.2796875 0.36875 0.11484375 0.0703125
0 0.5953125 0.3984375 0.09765625 0.0578125
1 0.396875 0.3609375 0.10234375 0.06015625
6 0.69765625 0.4046875 0.1 0.05625
8 0.93359375 0.415625 0.12734375 0.06171875
10 0.6796875 0.35078125 0.1078125 0.059375
11 0.3734375 0.74609375 0.103125 0.06484375
7 0.4984375 0.37890625 0.1171875 0.0671875