3 0.74453125 0.5359375 0.1015625 0.0671875
3 0.59140625 0.51953125 0.0984375 0.0640625
9 0.5984375 0.5125 0.540625 0.3640625
4 0.7609375 0.45 0.103125 0.0703125
5 0.74453125 0.625 0.1171875 0.0765625
5 0.5859375 0.596875 0.1296875 0.078125
12 0.4234375 0.5734375 0.1171875 0.075
10 0.43046875 0.49375 0.1015625 0.065625
11 0.44375 0.403125 0.1 0.0671875
0 0.96640625 0.5578125 0.0671875 0.0546875
1 0.96640625 0.4640625 0.0671875 0.0625
7 0.596875 0.42578125 0.0984375 0.06875
6 0.95546875 0.60703125 0.071875 0.0578125
2 0.96015625 0.65234375 0.04375 0.040625
8 0.9359375 0.71640625 0.0703125 0.0625