9 0.4890625 0.51875 0.6640625 0.375
4 0.68515625 0.40078125 0.12734375 0.07109375
4 0.46875 0.40859375 0.11640625 0.06796875
3 0.6890625 0.51796875 0.13203125 0.0703125
3 0.48671875 0.53125 0.12734375 0.06796875
5 0.4953125 0.63359375 0.15625 0.07421875
5 0.70390625 0.63125 0.13828125 0.07109375
10 0.27109375 0.5375 0.1265625 0.06875
1 0.96015625 0.3640625 0.07890625 0.06640625
12 0.2796875 0.64296875 0.15390625 0.0765625
0 0.97265625 0.49375 0.053125 0.06015625
11 0.2625 0.41484375 0.13203125 0.06796875