3 0.5984375 0.52265625 0.10625 0.059375
3 0.77109375 0.5203125 0.115625 0.0609375
4 0.790625 0.62109375 0.109375 0.0625
9 0.61015625 0.53046875 0.5578125 0.31875
5 0.4140625 0.4453125 0.121875 0.0578125
4 0.60078125 0.625 0.1 0.0609375
5 0.771875 0.42578125 0.121875 0.0625
5 0.59375 0.43515625 0.1328125 0.0640625
10 0.4140625 0.52890625 0.1125 0.0609375
0 0.9734375 0.52421875 0.053125 0.0546875
11 0.42734375 0.63046875 0.0984375 0.05625
6 0.97265625 0.471875 0.0546875 0.0546875
2 0.96875 0.42421875 0.0609375 0.046875