3 0.6625 0.5296875 0.128125 0.0859375
4 0.46796875 0.5625 0.13125 0.0875
0 0.6171875 0.36015625 0.1125 0.078125
1 0.40625 0.40859375 0.125 0.0890625
8 0.86796875 0.59765625 0.14375 0.1015625
2 0.8578125 0.4875 0.15 0.1
11 0.503125 0.765625 0.1125 0.059375
7 0.4890625 0.67734375 0.11875 0.0890625
12 0.86796875 0.68828125 0.1109375 0.0578125
6 0.69609375 0.63515625 0.11875 0.084375
10 0.70078125 0.7265625 0.1140625 0.0546875
9 0.9828502875 0.6833655890625 0.9601906781249999 0.40033344531250004 0.34397958281249996 0.5247873765625 0.39375573125 0.8073035765625001 0.9828502875 0.6833655890625