4 0.61015625 0.63984375 0.1 0.1359375
4 0.653125 0.4296875 0.09375 0.125
5 0.384375 0.59609375 0.096875 0.14375
5 0.47734375 0.21015625 0.0953125 0.153125
5 0.43046875 0.4015625 0.1015625 0.1609375
4 0.68828125 0.24765625 0.0890625 0.128125
9 0.5421875 0.43125 0.4984375 0.6984375
11 0.5421875 0.9453125 0.103125 0.109375
0 0.49453125 0.609375 0.090625 0.1296875
12 0.31484375 0.3015625 0.0984375 0.1390625
2 0.196875 0.9015625 0.0859375 0.0890625
6 0.53046875 0.4078125 0.0875 0.1265625
8 0.2328125 0.62890625 0.0953125 0.13125
10 0.57734375 0.2125 0.0890625 0.1328125
7 0.29140625 0.9421875 0.08125 0.0546875