5 0.60234375 0.38828125 0.11796875 0.07109375
5 0.58671875 0.603125 0.11015625 0.07578125
5 0.59453125 0.49609375 0.12265625 0.08046875
9 0.409375 0.490625 0.61015625 0.33125
3 0.41328125 0.390625 0.1140625 0.0625
11 0.215625 0.6046875 0.1125 0.06640625
12 0.828125 0.54375 0.11875 0.06796875
1 0.2125 0.38515625 0.11796875 0.06328125
8 0.84296875 0.36015625 0.11953125 0.0671875
10 0.41484375 0.6078125 0.1046875 0.06171875
1 0.771875 0.22890625 0.05 0.01796875
7 0.21171875 0.49921875 0.115625 0.0609375