5 0.38828125 0.6125 0.1984375 0.125
5 0.62265625 0.6703125 0.178125 0.1171875
3 0.64296875 0.54296875 0.1625 0.109375
9 0.41953125 0.4875 0.80625 0.565625
4 0.6828125 0.415625 0.15625 0.109375
11 0.20703125 0.30078125 0.15625 0.10625
12 0.14375 0.55625 0.1921875 0.1234375
1 0.9703125 0.45859375 0.059375 0.0921875
7 0.4390625 0.35546875 0.1515625 0.10625
0 0.9578125 0.60234375 0.0734375 0.0796875
10 0.1703125 0.4375 0.159375 0.10625
7 0.940625 0.73203125 0.0421875 0.0453125
8 0.8921875 0.834375 0.1 0.09375
6 0.3875 0.4578125 0.3890625 0.459375 0.4015625 0.4578125 0.428125 0.4640625 0.440625 0.4703125 0.4421875 0.4734375 0.4484375 0.4734375 0.4640625 0.4828125 0.4734375 0.496875 0.4734375 0.5046875 0.4671875 0.521875 0.4578125 0.528125 0.434375 0.5359375 0.39375 0.5296875 0.3625 0.5140625 0.3609375 0.509375 0.35625 0.5078125 0.3515625 0.5015625 0.3515625 0.496875 0.3484375 0.49375 0.35 0.478125 0.353125 0.4734375 0.3625 0.46875 0.3640625 0.465625 0.3796875 0.459375 0.3859375 0.459375