9 0.44609375 0.49609375 0.6 0.40625
3 0.465625 0.5859375 0.1109375 0.075
0 0.4625 0.74296875 0.1 0.075
11 0.28046875 0.4234375 0.109375 0.078125
2 0.65546875 0.72265625 0.1125 0.0828125
4 0.2953125 0.6203125 0.1171875 0.078125
1 0.27265625 0.771875 0.1109375 0.0796875
12 0.6078125 0.36953125 0.115625 0.0859375
5 0.63125 0.5640625 0.1140625 0.08125
7 0.2859375 0.51875 0.1109375 0.0765625
10 0.45625 0.39296875 0.10625 0.0734375
6 0.471875 0.490625 0.1015625 0.071875
8 0.6203125 0.46640625 0.1140625 0.0828125