9 0.3859375 0.5671875 0.6484375 0.4015625
4 0.35390625 0.46796875 0.1109375 0.071875
4 0.55234375 0.44296875 0.1203125 0.0734375
2 0.590625 0.659375 0.140625 0.0796875
4 0.17421875 0.490625 0.115625 0.06875
1 0.87578125 0.4015625 0.121875 0.06875
12 0.19453125 0.69921875 0.1484375 0.084375
11 0.8734375 0.65390625 0.1421875 0.09375
8 0.39453125 0.67890625 0.1375 0.0796875
0 0.5625 0.553125 0.11875 0.06875
7 0.87109375 0.51484375 0.1515625 0.090625
0 0.17734375 0.60234375 0.121875 0.0703125
6 0.37265625 0.5828125 0.1109375 0.0671875