4 0.61640625 0.36171875 0.11796875 0.0609375
3 0.40703125 0.45859375 0.109375 0.06328125
3 0.4140625 0.35703125 0.10703125 0.059375
5 0.25 0.3546875 0.12734375 0.0765625
5 0.225 0.459375 0.11796875 0.06796875
4 0.60078125 0.471875 0.12109375 0.0640625
5 0.2734375 0.253125 0.11484375 0.06796875
2 0.20078125 0.590625 0.12578125 0.059375
12 0.7203125 0.6328125 0.115625 0.07109375
3 0.4375 0.2515625 0.103125 0.06015625
0 0.40625 0.6015625 0.09921875 0.0578125
1 0.60625 0.6390625 0.1046875 0.059375
7 0.50390625 0.621875 0.11875 0.06640625
9 0.43203125 0.37578125 0.6546875 0.315625
8 0.065625 0.5875 0.13125 0.06328125
10 0.3234375 0.65 0.1140625 0.0625
6 0.3046875 0.5953125 0.10234375 0.05625
11 0.628125 0.25390625 0.09765625 0.06796875