3 0.3703125 0.60078125 0.08125 0.1265625
4 0.384375 0.3859375 0.0765625 0.125
4 0.2734375 0.38671875 0.078125 0.1203125
3 0.25 0.59296875 0.0859375 0.1265625
4 0.50390625 0.3875 0.0796875 0.1296875
3 0.4828125 0.5921875 0.08125 0.128125
1 0.7375 0.4734375 0.096875 0.15
9 0.384375 0.5859375 0.41875 0.7015625
0 0.65 0.65703125 0.0734375 0.1171875
7 0.65 0.53984375 0.1 0.1484375
11 0.6859375 0.39765625 0.0890625 0.1421875
12 0.234375 0.7875 0.0984375 0.1453125
2 0.46875 0.8046875 0.09375 0.140625
6 0.70390625 0.73359375 0.078125 0.11875
0 0.72265625 0.63046875 0.078125 0.1203125
8 0.35234375 0.7921875 0.1 0.146875