9 0.415625 0.5890625 0.32421875 0.58828125
5 0.515625 0.4 0.06953125 0.10703125
5 0.41484375 0.41484375 0.07421875 0.11484375
3 0.325 0.59453125 0.0609375 0.10234375
3 0.421875 0.5671875 0.0578125 0.0984375
5 0.3125 0.42734375 0.0671875 0.10703125
3 0.52421875 0.55390625 0.06171875 0.09921875
1 0.3265625 0.7765625 0.06171875 0.109375
12 0.44296875 0.18984375 0.06171875 0.1109375
7 0.43125 0.75703125 0.059375 0.10703125
11 0.52890625 0.7359375 0.059375 0.10625
8 0.2734375 0.2125 0.06328125 0.11328125