9 0.44140625 0.54765625 0.28359375 0.49921875
3 0.440625 0.69375 0.053125 0.09921875
3 0.43203125 0.53984375 0.0484375 0.08984375
3 0.43125 0.37890625 0.0484375 0.09453125
5 0.353125 0.390625 0.05234375 0.1109375
5 0.35390625 0.70625 0.0546875 0.10859375
5 0.35390625 0.5484375 0.05703125 0.1203125
1 0.53046875 0.6953125 0.05390625 0.096875
11 0.5203125 0.37734375 0.04921875 0.09921875
12 0.24453125 0.49296875 0.05859375 0.09921875
7 0.5265625 0.52890625 0.05 0.09453125
2 0.27734375 0.96796875 0.04765625 0.06171875
8 0.25078125 0.7609375 0.05546875 0.090625
0 0.415625 0.98046875 0.0484375 0.0359375