3 0.47109375 0.5375 0.125 0.084375
4 0.696875 0.60234375 0.1296875 0.0890625
4 0.5 0.646875 0.1171875 0.0828125
3 0.65390625 0.5 0.128125 0.0859375
9 0.48046875 0.54375 0.6578125 0.4609375
5 0.26171875 0.49140625 0.1484375 0.090625
2 0.8640625 0.3453125 0.121875 0.0890625
5 0.44765625 0.44375 0.153125 0.096875
5 0.6359375 0.39609375 0.1421875 0.0921875
0 0.8984375 0.453125 0.125 0.08125
12 0.95390625 0.61953125 0.0921875 0.0921875
10 0.2796875 0.584375 0.134375 0.0890625
8 0.8421875 0.26953125 0.1328125 0.0953125
1 0.95703125 0.55546875 0.0859375 0.0796875
11 0.31484375 0.69375 0.125 0.0890625
7 0.93515625 0.5015625 0.1296875 0.090625
6 0.8796875 0.3984375 0.1171875 0.078125