7 0.58671875 0.253125 0.109375 0.06875
4 0.5359375 0.65625 0.1125 0.06875
4 0.54921875 0.5546875 0.1171875 0.065625
7 0.378125 0.253125 0.15 0.090625
4 0.56015625 0.44140625 0.1234375 0.0703125
12 0.1609375 0.63984375 0.1296875 0.0875
2 0.1625 0.41328125 0.1234375 0.0796875
0 0.3609375 0.43203125 0.115625 0.0703125
10 0.33671875 0.6515625 0.109375 0.0703125
8 0.15625 0.52890625 0.1125 0.071875
11 0.12109375 0.2484375 0.146875 0.084375
6 0.3375 0.5421875 0.1078125 0.065625
9 0.6930208359375001 0.38097619531250004 0.0497980296875 0.3497206140625 0.0475337375 0.67065876875 0.6358653125 0.71993425 0.6930208359375001 0.38097619531250004