9 0.3921875 0.5765625 0.671875 0.4515625
4 0.3515625 0.48125 0.115625 0.0796875
4 0.546875 0.43828125 0.125 0.0828125
2 0.60390625 0.65078125 0.1453125 0.090625
4 0.175 0.51953125 0.11875 0.0765625
1 0.865625 0.36875 0.125 0.078125
12 0.2125 0.725 0.153125 0.0953125
11 0.88515625 0.62109375 0.146875 0.1046875
8 0.4109375 0.68671875 0.1421875 0.090625
0 0.5671875 0.54765625 0.121875 0.078125
7 0.87109375 0.48203125 0.15625 0.1015625
0 0.1875 0.6296875 0.1265625 0.0796875
6 0.3796875 0.59296875 0.1140625 0.0765625