9 0.4140625 0.4421875 0.828125 0.540625
5 0.646875 0.61015625 0.1890625 0.1
5 0.375 0.5859375 0.2046875 0.109375
5 0.11015625 0.56328125 0.18125 0.1
11 0.6859375 0.32109375 0.1578125 0.1015625
0 0.128125 0.4203125 0.1765625 0.0984375
1 0.128125 0.2609375 0.1671875 0.103125
7 0.41484375 0.290625 0.159375 0.1046875
12 0.46796875 0.77734375 0.178125 0.1125
10 0.67109375 0.4796875 0.1828125 0.109375
6 0.39296875 0.45546875 0.15625 0.0921875
8 0 0.69375 0.0453125 0.7046875 0.0546875 0.7046875 0.065625 0.7109375 0.078125 0.7109375 0.0890625 0.715625 0.096875 0.715625 0.10625 0.721875 0.103125 0.728125 0.096875 0.7328125 0.0921875 0.7328125 0.08125 0.7390625 0.0796875 0.7421875 0.075 0.7421875 0.059375 0.75 0.0578125 0.753125 0.053125 0.753125 0.04375 0.759375 0.0359375 0.7609375 0.0234375 0.7703125 0.021875 0.76875 0.0125 0.7734375 0.0109375 0.7765625 0.0015625 0.7796875 0 0.778125 0 0.6953125