9 0.33359375 0.46796875 0.6671875 0.4828125
2 0.8359375 0.6890625 0.146875 0.0984375
5 0.27890625 0.58125 0.1640625 0.1015625
5 0.48828125 0.62265625 0.1484375 0.09375
0 0.84140625 0.54921875 0.1390625 0.0875
3 0.28984375 0.47734375 0.1328125 0.0875
3 0.49453125 0.50625 0.1375 0.090625
1 0.85 0.415625 0.1421875 0.090625
4 0.525 0.38671875 0.1375 0.0921875
7 0.29140625 0.3484375 0.146875 0.090625
11 0.09453125 0.3140625 0.146875 0.090625
12 0.071875 0.54609375 0.14375 0.1015625
6 0.81015625 0.61640625 0.128125 0.084375
8 0.78203125 0.76796875 0.1421875 0.103125
10 0.0734375 0.4390625 0.1390625 0.0875