4 0.60859375 0.63828125 0.06640625 0.121875
4 0.7171875 0.62578125 0.06796875 0.11640625
4 0.48671875 0.65078125 0.07109375 0.1265625
5 0.478125 0.23671875 0.07734375 0.12734375
5 0.70859375 0.23671875 0.0796875 0.1203125
5 0.59140625 0.2390625 0.0890625 0.1328125
1 0.24765625 0.59140625 0.0609375 0.1484375
2 0.26328125 0.0578125 0.0734375 0.115625
7 0.25078125 0.2359375 0.06640625 0.15625
9 0.59296875 0.44765625 0.36484375 0.6609375
11 0.29765625 0.66328125 0.08046875 0.1328125
12 0.634375 0.028125 0.071875 0.05625
8 0.43671875 0.02734375 0.06796875 0.05390625
0 0.48671875 0.43828125 0.0671875 0.1171875
6 0.603125 0.415625 0.065625 0.1140625
10 0.72109375 0.41484375 0.07109375 0.1140625