9 0.4625 0.55234375 0.46875 0.321875
5 0.61015625 0.5984375 0.0890625 0.071875
5 0.59609375 0.521875 0.0984375 0.0765625
4 0.31796875 0.50546875 0.0890625 0.0609375
4 0.33828125 0.5828125 0.0875 0.059375
3 0.47890625 0.54921875 0.0828125 0.0578125
5 0.5796875 0.44765625 0.0875 0.065625
3 0.453125 0.4796875 0.084375 0.0609375
2 0.55078125 0.35859375 0.0890625 0.0625
12 0.1984375 0.421875 0.09375 0.06875
0 0.4171875 0.38828125 0.0734375 0.0546875
1 0.271875 0.4 0.084375 0.0609375
8 0.64609375 0.33828125 0.09375 0.0609375
10 0.49375 0.6265625 0.0859375 0.0625
11 0.35390625 0.65546875 0.084375 0.059375
6 0.4859375 0.3734375 0.0734375 0.053125
7 0.34375 0.3921875 0.084375 0.0609375