3 0.546875 0.69453125 0.15 0.09375
5 0.76484375 0.565625 0.159375 0.10625
3 0.52109375 0.559375 0.153125 0.0953125
5 0.7640625 0.7046875 0.175 0.1203125
4 0.271875 0.54140625 0.1609375 0.0984375
2 0.7609375 0.33046875 0.1734375 0.1015625
0 0.47578125 0.328125 0.1375 0.090625
1 0.20078125 0.325 0.15 0.0921875
6 0.62578125 0.3484375 0.1390625 0.0890625
7 0.27890625 0.6921875 0.1578125 0.1109375
8 0.92890625 0.365625 0.1421875 0.1
9 0.9134214359374999 0.8253858234375 0.916450284375 0.49519500625 0.11205671406249999 0.4569830921875 0.1469387 0.7409641375 0.9134214359374999 0.8253858234375