0 0.92265625 0.5125 0.1265625 0.0734375
1 0.896875 0.63046875 0.13125 0.075
2 0.6390625 0.353125 0.134375 0.084375
12 0.24765625 0.3125 0.14375 0.084375
11 0.21953125 0.5171875 0.1265625 0.075
7 0.60859375 0.56953125 0.121875 0.0765625
7 0.4015625 0.54296875 0.1203125 0.0734375
3 0.6125 0.4609375 0.1234375 0.0765625
8 0.4421875 0.33359375 0.13125 0.0828125
6 0.4234375 0.42734375 0.1125 0.071875
0 0.234375 0.40859375 0.121875 0.0765625
9 0.769513690625 0.3111657171875 0.1713584625 0.2430497578125 0.119318696875 0.5675587906249999 0.7137533578124999 0.65430058125 0.769513690625 0.3111657171875