2 0.89921875 0.42890625 0.11875 0.05703125
3 0.60078125 0.5265625 0.10859375 0.05703125
9 0.43515625 0.53046875 0.553125 0.31171875
4 0.60703125 0.62578125 0.1109375 0.06015625
1 0.86328125 0.64921875 0.11328125 0.05625
0 0.87265625 0.54140625 0.10703125 0.05390625
5 0.61171875 0.43125 0.11796875 0.05859375
12 0.2546875 0.4265625 0.12421875 0.0640625
11 0.24609375 0.61953125 0.10703125 0.05703125
6 0.428125 0.51640625 0.09921875 0.05625
7 0.41875 0.6234375 0.1 0.05703125
10 0.24765625 0.515625 0.10703125 0.05859375
8 0.43515625 0.428125 0.121875 0.06015625