3 0.61953125 0.4703125 0.103125 0.071875
5 0.74765625 0.3578125 0.1140625 0.0859375
0 0.63125 0.60859375 0.0921875 0.0671875
4 0.4671875 0.50703125 0.103125 0.071875
9 0.59921875 0.38828125 0.5421875 0.36875
2 0.8078125 0.584375 0.10625 0.075
5 0.7703125 0.44453125 0.1015625 0.075
1 0.465625 0.63671875 0.096875 0.0703125
12 0.73125 0.2671875 0.1125 0.0875
11 0.43125 0.3328125 0.0953125 0.071875
10 0.59140625 0.29609375 0.0984375 0.071875
8 0.9140625 0.540625 0.115625 0.075
7 0.45 0.415625 0.0984375 0.0703125
6 0.61328125 0.3828125 0.09375 0.0671875