3 0.31015625 0.56328125 0.084375 0.04375
3 0.1671875 0.55390625 0.084375 0.04375
4 0.34375 0.4859375 0.090625 0.05
4 0.1921875 0.46875 0.08828125 0.04921875
9 0.2203125 0.54609375 0.43359375 0.30078125
5 0.15078125 0.62421875 0.10625 0.05390625
5 0.2984375 0.64140625 0.09453125 0.04765625
2 0.47421875 0.6578125 0.08203125 0.05078125
12 0.5546875 0.45078125 0.08984375 0.05
4 0.025 0.60078125 0.0453125 0.03125
10 0.02890625 0.5375 0.05390625 0.046875
8 0.45546875 0.7171875 0.0875 0.05390625
0 0.50078125 0.5734375 0.078125 0.04140625
6 0.48671875 0.61640625 0.078125 0.04296875
11 0.0453125 0.45546875 0.08828125 0.0484375
1 0.5609375 0.49609375 0.07890625 0.0421875
7 0.53359375 0.534375 0.08984375 0.05