4 0.26953125 0.584375 0.159375 0.1015625
3 0.26875 0.43046875 0.165625 0.1
5 0.29375 0.28671875 0.184375 0.1015625
5 0.07109375 0.27890625 0.1203125 0.1
4 0.034375 0.5671875 0.06875 0.09375
3 0.04765625 0.41015625 0.090625 0.09375
2 0.6234375 0.3125 0.1453125 0.1046875
12 0.64609375 0.72109375 0.1828125 0.1078125
1 0.675 0.63828125 0.153125 0.09375
0 0.621875 0.47109375 0.146875 0.0875
9 0.2234375 0.4328125 0.446875 0.503125
8 0.63203125 0.2046875 0.1546875 0.11875
6 0.62421875 0.39140625 0.14375 0.0890625
7 0.65234375 0.55546875 0.1609375 0.0984375