3 0.509375 0.4046875 0.06796875 0.11875
3 0.621875 0.38671875 0.06875 0.11953125
4 0.50859375 0.61328125 0.06796875 0.12265625
3 0.740625 0.38203125 0.071875 0.115625
4 0.6296875 0.60390625 0.065625 0.11953125
4 0.73828125 0.5921875 0.06953125 0.11796875
1 0.26796875 0.55390625 0.08203125 0.140625
0 0.33515625 0.3625 0.0609375 0.109375
7 0.3484375 0.47734375 0.084375 0.14140625
2 0.50078125 0.19453125 0.07734375 0.13515625
11 0.32734375 0.62421875 0.0765625 0.1328125
12 0.7375 0.1859375 0.08203125 0.1359375
9 0.60703125 0.40859375 0.35 0.66953125
10 0.265625 0.39609375 0.06484375 0.11015625
8 0.61796875 0.19453125 0.0796875 0.13359375
6 0.27265625 0.2890625 0.06328125 0.11015625