4 0.53828125 0.58125 0.1125 0.0828125
4 0.34453125 0.62890625 0.1265625 0.0875
4 0.71015625 0.53671875 0.11875 0.08125
2 0.28515625 0.42421875 0.1359375 0.090625
9 0.5 0.4859375 0.6546875 0.459375
7 0.06015625 0.59140625 0.115625 0.096875
12 0.66796875 0.33671875 0.14375 0.096875
11 0.04765625 0.459375 0.0953125 0.096875
1 0.06796875 0.7 0.0796875 0.0734375
8 0.47578125 0.38125 0.146875 0.0953125
0 0.3234375 0.525 0.128125 0.084375
10 0.6984375 0.42890625 0.121875 0.084375
6 0.50703125 0.471875 0.1125 0.0796875