3 0.3859375 0.44140625 0.0890625 0.1375
3 0.38984375 0.66484375 0.09375 0.1453125
4 0.25546875 0.66484375 0.0984375 0.1515625
3 0.36875 0.20703125 0.0875 0.1453125
4 0.246875 0.42421875 0.09375 0.1390625
4 0.2390625 0.21171875 0.090625 0.14375
9 0.371875 0.4546875 0.5265625 0.8109375
12 0.48515625 0.215625 0.0984375 0.1671875
0 0.44375 0.96953125 0.078125 0.0609375
11 0.26953125 0.97578125 0.0921875 0.0484375
2 0.4875 0.615625 0.50625 0.6328125 0.51875 0.6390625 0.528125 0.65 0.5421875 0.65625 0.5421875 0.6609375 0.553125 0.6734375 0.553125 0.6765625 0.5578125 0.6796875 0.55625 0.69375 0.5484375 0.6984375 0.546875 0.7046875 0.5359375 0.7140625 0.534375 0.71875 0.5265625 0.7265625 0.521875 0.728125 0.521875 0.73125 0.5140625 0.7375 0.509375 0.746875 0.5015625 0.753125 0.4953125 0.7546875 0.4890625 0.753125 0.4859375 0.7453125 0.4890625 0.7328125 0.4875 0.73125 0.4890625 0.7203125 0.4859375 0.70625 0.4875 0.6828125 0.484375 0.6671875 0.484375 0.64375 0.4796875 0.6171875 0.4828125 0.6125 0.4859375 0.615625
8 0.4625 0.3734375 0.4671875 0.3734375 0.4828125 0.390625 0.4859375 0.390625 0.490625 0.396875 0.5015625 0.403125 0.5125 0.4140625 0.5125 0.4171875 0.5234375 0.4265625 0.5265625 0.4328125 0.5328125 0.4375 0.540625 0.4515625 0.540625 0.4625 0.5359375 0.4703125 0.525 0.4796875 0.51875 0.490625 0.5 0.509375 0.4953125 0.5109375 0.4953125 0.515625 0.4890625 0.521875 0.4828125 0.5234375 0.4796875 0.528125 0.475 0.5296875 0.4703125 0.521875 0.4671875 0.5015625 0.46875 0.5 0.4671875 0.4890625 0.46875 0.4875 0.4671875 0.4765625 0.46875 0.465625 0.465625 0.4515625 0.4671875 0.4390625 0.4640625 0.425 0.465625 0.4140625 0.4625 0.4 0.4625 0.38125 0.4640625 0.3796875 0.4625 0.375
7 0.36875 0.903125 0.3796875 0.9171875 0.3859375 0.921875 0.396875 0.9390625 0.403125 0.94375 0.40625 0.9515625 0.4140625 0.9609375 0.415625 0.96875 0.409375 0.9796875 0.4109375 0.98125 0.4078125 0.990625 0.409375 0.9984375 0.3203125 0.9984375 0.3265625 0.984375 0.3265625 0.978125 0.33125 0.9734375 0.3296875 0.9703125 0.334375 0.9640625 0.3328125 0.959375 0.3375 0.9546875 0.3375 0.95 0.3453125 0.9359375 0.34375 0.9328125 0.3484375 0.928125 0.3515625 0.915625 0.3609375 0.9015625 0.3671875 0.903125