9 0.47421875 0.4765625 0.546875 0.30859375
3 0.63984375 0.47734375 0.10390625 0.05546875
4 0.63984375 0.3796875 0.103125 0.0578125
0 0.9125 0.46015625 0.1046875 0.0515625
2 0.94140625 0.56640625 0.11640625 0.05859375
1 0.896875 0.35390625 0.1109375 0.05390625
5 0.65625 0.5703125 0.11796875 0.0578125
12 0.30625 0.57890625 0.12265625 0.05859375
10 0.296875 0.4921875 0.103125 0.05546875
11 0.2875 0.3921875 0.1046875 0.05546875
7 0.45703125 0.38671875 0.10234375 0.05703125
6 0.46953125 0.48984375 0.0921875 0.0515625
8 0.47890625 0.5734375 0.11875 0.059375