3 0.54921875 0.3765625 0.109375 0.06171875
4 0.37109375 0.3859375 0.11015625 0.06328125
2 0.72890625 0.35625 0.115625 0.0703125
8 0.75078125 0.45859375 0.11796875 0.06640625
12 0.7765625 0.565625 0.11796875 0.06953125
0 0.49375 0.23828125 0.090625 0.0375
1 0.3 0.2484375 0.0984375 0.05703125
11 0.425 0.5875 0.109375 0.06328125
7 0.39765625 0.4890625 0.1109375 0.06328125
6 0.59296875 0.4734375 0.09921875 0.0578125
10 0.6125 0.57734375 0.10390625 0.0609375
9 0.3376166671875 0.651797896875 0.89764375 0.6000432250000001 0.8157145828125 0.2976553734375 0.24648750000000003 0.3355280375 0.3376166671875 0.651797896875