4 0.4609375 0.4421875 0.08046875 0.0453125
5 0.725 0.43828125 0.08046875 0.05234375
5 0.728125 0.51484375 0.09375 0.059375
0 0.57578125 0.32578125 0.07421875 0.04609375
2 0.72734375 0.3125 0.08359375 0.05
9 0.596875 0.51796875 0.43203125 0.2359375
3 0.59609375 0.44375 0.0765625 0.04453125
1 0.428125 0.33125 0.075 0.04609375
7 0.46640625 0.52265625 0.0765625 0.04453125
12 0.73125 0.5921875 0.0859375 0.05390625
6 0.609375 0.59609375 0.07734375 0.04609375
11 0.4703125 0.5953125 0.07578125 0.0453125
8 0.82421875 0.3296875 0.0859375 0.046875
6 0.61015625 0.51875 0.07265625 0.040625