11 0.515625 0.30234375 0.109375 0.0796875
0 0.35078125 0.67734375 0.10625 0.0703125
1 0.5640625 0.68515625 0.1109375 0.0734375
8 0.14375 0.3828125 0.134375 0.084375
2 0.1359375 0.49140625 0.134375 0.0859375
12 0.14921875 0.27421875 0.125 0.0921875
3 0.33046875 0.5 0.115625 0.071875
7 0.51796875 0.40625 0.1140625 0.0765625
4 0.521875 0.51875 0.1234375 0.075
10 0.3203125 0.28828125 0.1109375 0.071875
6 0.31328125 0.3921875 0.109375 0.06875
9 0.6228965421875 0.2566415484375 0.047211734374999995 0.22090467500000002 0.027531165625 0.5502592109375 0.636308278125 0.5909131828125 0.6228965421875 0.2566415484375