9 0.4515625 0.35234375 0.32734375 0.57890625
3 0.44609375 0.190625 0.05625 0.1078125
3 0.46328125 0.36015625 0.05546875 0.10234375
5 0.540625 0.16640625 0.059375 0.11796875
5 0.54921875 0.346875 0.065625 0.13515625
3 0.4703125 0.54296875 0.0546875 0.109375
5 0.5578125 0.52734375 0.05859375 0.1265625
1 0.34375 0.19375 0.06171875 0.1125
12 0.6765625 0.40078125 0.06015625 0.1140625
7 0.3546875 0.37578125 0.0625 0.10625
8 0.66484375 0.09765625 0.06640625 0.11640625
11 0.36484375 0.55 0.0609375 0.1078125