5 0.29609375 0.59921875 0.1421875 0.065625
5 0.496875 0.60703125 0.1453125 0.07109375
9 0.50703125 0.503125 0.6109375 0.3453125
5 0.69609375 0.61171875 0.134375 0.06796875
0 0.6921875 0.5046875 0.12578125 0.06328125
11 0.29921875 0.38984375 0.11484375 0.0625
10 0.2921875 0.50234375 0.11875 0.06171875
12 0.4078125 0.740625 0.12734375 0.071875
7 0.4953125 0.390625 0.1109375 0.0640625
0 0.7046875 0.39296875 0.11328125 0.06484375
6 0.4953125 0.50859375 0.10546875 0.0578125
8 0.8015625 0.725 0.8046875 0.734375 0.8015625 0.740625 0.7984375 0.7421875 0.7953125 0.7515625 0.7859375 0.7609375 0.7828125 0.771875 0.7796875 0.7734375 0.7765625 0.78125 0.7703125 0.7859375 0.7609375 0.7875 0.75 0.784375 0.7140625 0.7578125 0.7 0.7515625 0.6875 0.740625 0.6875 0.7328125 0.703125 0.728125 0.721875 0.728125 0.740625 0.7234375 0.7609375 0.7234375 0.7796875 0.71875 0.790625 0.71875 0.8 0.725