1 0.81640625 0.4734375 0.11875 0.078125
0 0.815625 0.35234375 0.125 0.0828125
2 0.5046875 0.28828125 0.14375 0.0984375
12 0.12421875 0.37109375 0.153125 0.0984375
3 0.509375 0.4 0.1234375 0.084375
11 0.15390625 0.5765625 0.134375 0.0859375
4 0.53203125 0.50625 0.1265625 0.0875
8 0.31171875 0.33203125 0.1359375 0.0953125
7 0.3328125 0.54296875 0.1265625 0.0859375
10 0.140625 0.4671875 0.1234375 0.084375
6 0.321875 0.42734375 0.1140625 0.0796875
9 0.6076331109375 0.20302568437500002 0.0386719390625 0.3327873125 0.061748231249999994 0.6562810921875 0.6476943125 0.5593581015625 0.6076331109375 0.20302568437500002