3 0.65234375 0.4703125 0.128125 0.071875
4 0.6546875 0.58203125 0.1234375 0.0734375
3 0.4609375 0.45390625 0.1140625 0.0671875
4 0.44765625 0.5671875 0.1109375 0.06875
9 0.46484375 0.4625 0.63125 0.378125
5 0.27421875 0.34609375 0.14375 0.0734375
5 0.66953125 0.3640625 0.134375 0.075
5 0.47109375 0.35703125 0.153125 0.078125
12 0.9265625 0.68203125 0.13125 0.0765625
2 0.91875 0.38125 0.1203125 0.075
1 0.94140625 0.62109375 0.109375 0.0703125
7 0.93515625 0.56015625 0.128125 0.0703125
0 0.91015625 0.4984375 0.11875 0.0640625
10 0.25859375 0.4421875 0.1265625 0.071875
11 0.25390625 0.55625 0.128125 0.06875
8 0.9234375 0.30390625 0.125 0.0828125
6 0.9140625 0.440625 0.1140625 0.065625