3 0.634375 0.7265625 0.0625 0.1078125
3 0.53046875 0.70390625 0.06875 0.1140625
5 0.73125 0.9015625 0.0765625 0.1171875
5 0.62265625 0.89609375 0.0828125 0.1265625
5 0.515625 0.890625 0.071875 0.1171875
3 0.74296875 0.7375 0.065625 0.1046875
0 0.31015625 0.7453125 0.0625 0.109375
1 0.54140625 0.51171875 0.0671875 0.109375
7 0.6515625 0.525 0.0734375 0.1109375
6 0.3359375 0.55625 0.059375 0.1
10 0.30625 0.91875 0.0640625 0.11875
11 0.75 0.54375 0.0703125 0.103125
9 0.7719554468750001 1 0.7834395890625 0.4328927328125 0.48731438281250006 0.3842380578125 0.450206996875 0.99487928125 0.7281063796875 1 0.7719554468750001 1