9 0.434375 0.44921875 0.3578125 0.65546875
4 0.32109375 0.24375 0.06484375 0.11171875
4 0.54765625 0.24921875 0.06796875 0.12265625
4 0.42890625 0.24375 0.0609375 0.11640625
2 0.7375 0.8796875 0.075 0.14140625
5 0.540625 0.65546875 0.07578125 0.1203125
5 0.31171875 0.62734375 0.078125 0.11953125
5 0.42734375 0.6421875 0.08671875 0.13046875
7 0.75390625 0.6859375 0.06015625 0.1421875
12 0.37421875 0.88984375 0.07421875 0.12734375
11 0.728125 0.26015625 0.08203125 0.14765625
0 0.5375 0.45546875 0.06875 0.11953125
10 0.31015625 0.45078125 0.07109375 0.12109375
8 0.56875 0.915625 0.06796875 0.128125
6 0.4234375 0.46328125 0.07109375 0.13046875