5 0.70234375 0.3671875 0.1328125 0.065625
5 0.50625 0.36796875 0.14296875 0.06796875
5 0.31640625 0.36953125 0.134375 0.0625
3 0.68671875 0.4734375 0.121875 0.06484375
9 0.51640625 0.478125 0.59765625 0.34296875
11 0.30078125 0.57109375 0.1125 0.0609375
1 0.68828125 0.5828125 0.1140625 0.06171875
12 0.43359375 0.2359375 0.12109375 0.0734375
8 0.7671875 0.23046875 0.1140625 0.06875
7 0.48515625 0.57890625 0.10859375 0.0609375
10 0.30390625 0.46328125 0.10625 0.05703125
6 0.5 0.465625 0.12890625 0.071875