3 0.50234375 0.51640625 0.06484375 0.11015625
3 0.60859375 0.50625 0.06640625 0.1125
5 0.39140625 0.6890625 0.078125 0.1125
9 0.50546875 0.503125 0.3421875 0.61171875
5 0.61484375 0.69921875 0.0734375 0.11796875
5 0.50234375 0.69375 0.08359375 0.12265625
10 0.3859375 0.5140625 0.06796875 0.1125
1 0.6171875 0.31015625 0.06640625 0.11953125
8 0.64453125 0.9390625 0.0703125 0.121875
11 0.38984375 0.3140625 0.065625 0.1140625
7 0.5 0.3078125 0.0625 0.11640625
12 0.45625 0.93515625 0.0703125 0.128125