9 0.46328125 0.3890625 0.8171875 0.575
5 0.271875 0.57109375 0.18125 0.11875
5 0.5140625 0.51484375 0.19375 0.11875
5 0.73984375 0.459375 0.175 0.109375
12 0.6484375 0.6515625 0.1609375 0.1078125
7 0.46171875 0.25078125 0.153125 0.115625
11 0.69140625 0.20546875 0.1515625 0.109375
8 0.246875 0.75703125 0.1609375 0.1125
1 0.20859375 0.29921875 0.1578125 0.1171875
0 0.25234375 0.4375 0.159375 0.10625
10 0.725 0.33984375 0.15 0.1
6 0.49375 0.35625 0.4953125 0.3578125 0.509375 0.35625 0.515625 0.359375 0.525 0.3578125 0.528125 0.3609375 0.5328125 0.3609375 0.5453125 0.3671875 0.5484375 0.3734375 0.553125 0.375 0.5546875 0.3828125 0.5546875 0.3859375 0.5515625 0.3875 0.553125 0.390625 0.55 0.3984375 0.540625 0.40625 0.540625 0.409375 0.5375 0.409375 0.5296875 0.41875 0.5265625 0.41875 0.521875 0.4234375 0.515625 0.4234375 0.5078125 0.428125 0.4921875 0.43125 0.4875 0.4296875 0.478125 0.4328125 0.4640625 0.43125 0.4546875 0.4328125 0.4328125 0.421875 0.4265625 0.4109375 0.425 0.4015625 0.4265625 0.39375 0.4359375 0.3859375 0.4359375 0.3828125 0.4453125 0.375 0.45625 0.371875 0.4640625 0.365625 0.4703125 0.365625 0.4796875 0.3609375 0.484375 0.3609375 0.4875 0.3578125 0.4921875 0.3578125