4 0.54921875 0.24140625 0.05 0.0984375
4 0.46484375 0.265625 0.053125 0.09296875
4 0.6421875 0.215625 0.05546875 0.09921875
9 0.565625 0.3828125 0.3 0.534375
5 0.4828125 0.56015625 0.06171875 0.09296875
5 0.6625 0.52421875 0.05859375 0.096875
5 0.57265625 0.54140625 0.06796875 0.10390625
0 0.65 0.375 0.05703125 0.09296875
10 0.4703125 0.425 0.05390625 0.08984375
6 0.56328125 0.40703125 0.0484375 0.0859375
12 0.55 0.73828125 0.05703125 0.096875
8 0.7171875 0.6625 0.721875 0.6625 0.7296875 0.671875 0.7296875 0.6828125 0.725 0.7046875 0.725 0.7296875 0.721875 0.7375 0.7234375 0.740625 0.7203125 0.7546875 0.7125 0.7546875 0.6984375 0.734375 0.6984375 0.73125 0.6875 0.715625 0.684375 0.7140625 0.6765625 0.696875 0.6765625 0.6921875 0.6828125 0.6859375 0.6953125 0.6796875 0.6984375 0.675 0.70625 0.6734375 0.709375 0.66875 0.7171875 0.6640625