3 0.45234375 0.403125 0.075 0.1046875
3 0.5453125 0.37578125 0.0765625 0.103125
3 0.3671875 0.44375 0.0796875 0.1078125
5 0.503125 0.2359375 0.0875 0.1140625
9 0.45546875 0.42265625 0.421875 0.5890625
5 0.4125 0.26171875 0.0953125 0.121875
5 0.31875 0.2859375 0.0875 0.1140625
1 0.4078125 0.60625 0.0796875 0.109375
7 0.50234375 0.571875 0.0765625 0.10625
11 0.5890625 0.5359375 0.0765625 0.1046875
12 0.39375 0.0578125 0.0703125 0.1
2 0.14140625 0.19609375 0.0359375 0.065625
8 0.2390625 0.1046875 0.0828125 0.1171875