2 0.27109375 0.42734375 0.1109375 0.059375
4 0.29765625 0.6109375 0.10625 0.0609375
12 0.6109375 0.40703125 0.115625 0.0609375
0 0.29140625 0.51796875 0.1046875 0.0578125
11 0.63515625 0.584375 0.096875 0.05625
7 0.47265625 0.59765625 0.0984375 0.059375
8 0.4421875 0.41875 0.115625 0.0609375
1 0.05546875 0.64921875 0.103125 0.05625
10 0.62421875 0.4890625 0.0984375 0.0546875
6 0.45625 0.5 0.103125 0.0609375
9 0.216236453125 0.6801285890625001 0.73324540625 0.629753146875 0.6854741125 0.3487526671875 0.16030648593750002 0.3836803015625 0.216236453125 0.6801285890625001