5 0.91953125 0.35625 0.16015625 0.08046875
5 0.67421875 0.35703125 0.184375 0.084375
5 0.42890625 0.35703125 0.16953125 0.0765625
9 0.6421875 0.50078125 0.715625 0.4390625
0 0.91015625 0.48828125 0.15625 0.07578125
1 0.909375 0.63125 0.1546875 0.07890625
6 0.659375 0.475 0.140625 0.07421875
12 0.59140625 0.196875 0.15234375 0.0890625
7 0.640625 0.6234375 0.1421875 0.0796875
11 0.39765625 0.6125 0.1515625 0.07734375
10 0.40546875 0.47421875 0.1421875 0.0734375
8 0.9640625 0.2 0.06796875 0.0609375