7 0.5734375 0.75078125 0.10546875 0.06328125
4 0.54375 0.34609375 0.109375 0.06328125
4 0.55234375 0.44765625 0.1140625 0.06015625
7 0.365625 0.73984375 0.1453125 0.0828125
4 0.55703125 0.56171875 0.11953125 0.06484375
12 0.16875 0.34296875 0.12578125 0.08046875
2 0.15859375 0.56875 0.1203125 0.0734375
0 0.3578125 0.5609375 0.11171875 0.0640625
10 0.34453125 0.33984375 0.10546875 0.06484375
8 0.15859375 0.453125 0.109375 0.065625
11 0.10859375 0.73125 0.14296875 0.07734375
6 0.33984375 0.44921875 0.1046875 0.06015625
9 0.04255 0.6265116828124999 0.6865270828125001 0.6289626171875 0.6471895828124999 0.287477803125 0.0570854171875 0.305894859375 0.04255 0.6265116828124999