3 0.7234375 0.528125 0.1140625 0.0609375
4 0.7078125 0.428125 0.1125 0.06171875
9 0.55 0.53828125 0.6203125 0.34609375
6 0.54921875 0.55078125 0.11015625 0.059375
2 0.759375 0.6265625 0.1265625 0.065625
10 0.36328125 0.56328125 0.10703125 0.05859375
0 0.9671875 0.496875 0.06484375 0.05390625
7 0.52109375 0.44375 0.10859375 0.06171875
8 0.571875 0.63828125 0.12578125 0.06484375
1 0.94765625 0.3875 0.10390625 0.05703125
11 0.34296875 0.4578125 0.11484375 0.06171875
12 0.3828125 0.6546875 0.1265625 0.06640625