3 0.60234375 0.440625 0.0515625 0.0859375
3 0.4296875 0.42890625 0.05 0.084375
3 0.51796875 0.428125 0.046875 0.08125
5 0.521875 0.29765625 0.0640625 0.096875
5 0.6078125 0.29609375 0.059375 0.090625
5 0.43515625 0.2953125 0.059375 0.0875
2 0.76015625 0.1546875 0.046875 0.1046875
9 0.521875 0.4484375 0.271875 0.48125
1 0.60390625 0.596875 0.0515625 0.084375
0 0.76640625 0.4 0.034375 0.0828125
12 0.490625 0.1140625 0.0515625 0.09375
11 0.42734375 0.58046875 0.046875 0.08125
10 0.76484375 0.26328125 0.0375 0.0875
8 0.63671875 0.1125 0.05 0.0921875
6 0.76171875 0.55078125 0.04375 0.08125
7 0.5109375 0.590625 0.0484375 0.084375