4 0.61953125 0.36796875 0.0921875 0.1328125
4 0.6484375 0.58125 0.0875 0.121875
5 0.39140625 0.39609375 0.0890625 0.140625
5 0.45703125 0.7875 0.0875 0.15
5 0.42421875 0.59375 0.0921875 0.1578125
4 0.6703125 0.76484375 0.0828125 0.125
9 0.5375 0.571875 0.4609375 0.68125
11 0.57421875 0.05546875 0.0953125 0.1109375
0 0.50234375 0.390625 0.084375 0.1265625
12 0.3015625 0.68515625 0.090625 0.1359375
2 0.22578125 0.078125 0.0828125 0.0859375
6 0.5234375 0.59453125 0.08125 0.1234375
8 0.2421875 0.35234375 0.0875 0.128125
10 0.55703125 0.7921875 0.08125 0.1296875
7 0.32265625 0.04375 0.0796875 0.05