3 0.4125 0.521875 0.11875 0.0640625
3 0.6078125 0.53984375 0.12421875 0.06484375
3 0.19609375 0.51328125 0.134375 0.0671875
5 0.21875 0.41328125 0.1484375 0.0703125
4 0.6015625 0.653125 0.12421875 0.06953125
4 0.38828125 0.64453125 0.11875 0.06953125
5 0.42578125 0.42421875 0.15 0.071875
5 0.62734375 0.43515625 0.134375 0.06953125
9 0.403125 0.5359375 0.66015625 0.37421875
7 0.88046875 0.6859375 0.13203125 0.0640625
2 0.8640625 0.45859375 0.11484375 0.065625
12 0.86328125 0.746875 0.13828125 0.07265625
7 0.86875 0.6265625 0.1296875 0.06171875
0 0.84375 0.565625 0.115625 0.0578125
8 0.86484375 0.3828125 0.11875 0.07109375
6 0.84609375 0.509375 0.109375 0.05703125
11 0.18125 0.63515625 0.13125 0.0703125
10 0.93515625 0.5296875 0.11328125 0.0609375