2 0.278125 0.3328125 0.1359375 0.0765625
4 0.71171875 0.4390625 0.140625 0.0828125
5 0.3203125 0.596875 0.140625 0.0984375
5 0.34453125 0.72265625 0.1359375 0.096875
12 0.83984375 0.25625 0.1359375 0.09375
3 0.5109375 0.58359375 0.1296875 0.078125
5 0.2953125 0.4796875 0.1328125 0.0859375
4 0.73359375 0.56328125 0.1328125 0.0765625
3 0.5015625 0.4671875 0.128125 0.078125
7 0.60703125 0.28203125 0.1296875 0.0859375
9 0.5203125 0.57890625 0.7328125 0.4296875
1 0.71875 0.2578125 0.11875 0.08125
0 0.49609375 0.31171875 0.1109375 0.075
11 0.76015625 0.68203125 0.1328125 0.084375
8 0.121875 0.346875 0.1453125 0.0796875
6 0.384375 0.321875 0.1109375 0.0703125
10 0.534375 0.70859375 0.1234375 0.08125