4 0.56015625 0.54765625 0.06328125 0.11484375
4 0.5796875 0.9109375 0.05859375 0.109375
4 0.571875 0.7375 0.06015625 0.10546875
5 0.35703125 0.575 0.06015625 0.1171875
9 0.465625 0.721875 0.35390625 0.55546875
5 0.36875 0.759375 0.065625 0.13828125
2 0.228125 0.275 0.071875 0.1140625
5 0.384375 0.93984375 0.05859375 0.1203125
11 0.54375 0.2625 0.06953125 0.1265625
12 0.246875 0.85703125 0.0703125 0.12734375
8 0.22109375 0.546875 0.0640625 0.11015625
7 0.30625 0.165625 0.31875 0.16875 0.3203125 0.171875 0.3328125 0.175 0.334375 0.178125 0.35 0.18125 0.359375 0.190625 0.359375 0.2140625 0.3546875 0.2359375 0.3546875 0.253125 0.3484375 0.2796875 0.334375 0.2765625 0.3328125 0.2734375 0.3234375 0.2703125 0.3171875 0.2703125 0.315625 0.2671875 0.3109375 0.265625 0.3 0.2640625 0.2984375 0.2609375 0.29375 0.259375 0.29375 0.228125 0.2984375 0.2015625 0.2984375 0.1796875 0.3015625 0.1671875 0.3046875 0.165625
1 0.4921875 0.115625 0.4984375 0.11875 0.5 0.1234375 0.5046875 0.125 0.509375 0.134375 0.51875 0.1421875 0.51875 0.1453125 0.53125 0.15625 0.534375 0.1625 0.534375 0.171875 0.528125 0.1875 0.528125 0.1953125 0.51875 0.215625 0.51875 0.221875 0.5140625 0.228125 0.5140625 0.234375 0.509375 0.2390625 0.50625 0.2390625 0.4984375 0.2296875 0.4921875 0.2265625 0.4765625 0.209375 0.4765625 0.20625 0.4671875 0.1984375 0.4671875 0.18125 0.471875 0.171875 0.471875 0.165625 0.48125 0.140625 0.4859375 0.11875 0.490625 0.115625
0 0.45625 0.521875 0.4671875 0.525 0.4734375 0.53125 0.484375 0.55625 0.484375 0.590625 0.475 0.615625 0.465625 0.6234375 0.4484375 0.6234375 0.4375 0.6140625 0.434375 0.6078125 0.4328125 0.5921875 0.428125 0.578125 0.428125 0.565625 0.4375 0.5359375 0.4484375 0.5234375 0.4546875 0.521875
6 0.453125 0.70625 0.4671875 0.70625 0.46875 0.709375 0.475 0.7125 0.48125 0.725 0.484375 0.7359375 0.484375 0.746875 0.4890625 0.7609375 0.484375 0.7859375 0.4703125 0.8078125 0.4609375 0.8109375 0.453125 0.809375 0.4390625 0.7953125 0.434375 0.7765625 0.434375 0.7484375 0.4375 0.7390625 0.4375 0.7296875 0.453125 0.7078125
10 0.484375 0.8921875 0.49375 0.903125 0.5015625 0.928125 0.503125 0.9640625 0.4984375 0.9828125 0.49375 0.9875 0.49375 0.9984375 0.4609375 0.9984375 0.4578125 0.9953125 0.453125 0.9796875 0.4484375 0.953125 0.4484375 0.940625 0.453125 0.9125 0.459375 0.9 0.465625 0.896875 0.46875 0.8921875 0.4828125 0.8921875