2 0.07109375 0.4765625 0.103125 0.0640625
3 0.48203125 0.50390625 0.0921875 0.059375
9 0.478125 0.51484375 0.5015625 0.3234375
5 0.46953125 0.42890625 0.1234375 0.06875
3 0.3359375 0.528125 0.0984375 0.0609375
4 0.33828125 0.6140625 0.0984375 0.0625
5 0.3171875 0.44765625 0.1125 0.0671875
1 0.11875 0.66015625 0.1078125 0.0625
0 0.0984375 0.56953125 0.096875 0.0546875
12 0.625 0.41015625 0.109375 0.065625
8 0.09140625 0.41171875 0.1078125 0.0671875
11 0.646875 0.5734375 0.0921875 0.059375
10 0.63984375 0.4859375 0.096875 0.0609375
6 0.10703125 0.51796875 0.0921875 0.05625
7 0.49921875 0.59296875 0.090625 0.0578125