9 0.3796875 0.6125 0.540625 0.321875
3 0.365625 0.60625 0.09921875 0.0546875
3 0.52734375 0.603125 0.0984375 0.0546875
5 0.35859375 0.5234375 0.12578125 0.06328125
5 0.52421875 0.5109375 0.1140625 0.05859375
2 0.79375 0.490625 0.1015625 0.0546875
4 0.55234375 0.6984375 0.10390625 0.06015625
0 0.796875 0.59921875 0.0984375 0.05234375
1 0.8078125 0.70546875 0.109375 0.06171875
12 0.184375 0.5359375 0.11796875 0.05625
6 0.7703125 0.54453125 0.0921875 0.05
10 0.19296875 0.61875 0.10546875 0.05625
8 0.74609375 0.42421875 0.10078125 0.05703125
11 0.203125 0.71875 0.09765625 0.059375
7 0.37265625 0.709375 0.10859375 0.06015625