3 0.41171875 0.525 0.109375 0.0734375
5 0.575 0.453125 0.1109375 0.084375
3 0.3859375 0.61875 0.1125 0.0765625
5 0.56484375 0.5546875 0.121875 0.0921875
4 0.225 0.49375 0.109375 0.0703125
4 0.20859375 0.59609375 0.11875 0.0796875
5 0.55390625 0.6515625 0.115625 0.084375
9 0.3953125 0.52890625 0.6078125 0.3984375
11 0.2375 0.39921875 0.115625 0.075
10 0.42109375 0.425 0.1078125 0.075
0 0.35390625 0.73828125 0.0984375 0.059375
1 0.1609375 0.71796875 0.0875 0.028125
2 0.540625 0.76875 0.09375 0.059375
7 0.25625 0.72734375 0.1078125 0.046875
12 0.071875 0.696875 0.0953125 0.0421875
8 0.67109375 0.790625 0.11875 0.06875
6 0.446875 0.7546875 0.0984375 0.059375