5 0.265625 0.49765625 0.13515625 0.09140625
3 0.4453125 0.49140625 0.11875 0.065625
3 0.46953125 0.60390625 0.12265625 0.07265625
5 0.26953125 0.61484375 0.12734375 0.078125
4 0.68125 0.603125 0.134375 0.0734375
4 0.66640625 0.48125 0.1296875 0.06640625
9 0.46796875 0.49140625 0.66953125 0.37421875
12 0.2453125 0.37734375 0.13046875 0.084375
11 0.65234375 0.36640625 0.11875 0.07265625
10 0.43671875 0.3703125 0.11875 0.06953125
1 0.746875 0.75859375 0.11640625 0.04375
0 0.5140625 0.76484375 0.10390625 0.03046875