9 0.43828125 0.55703125 0.4671875 0.6953125
3 0.4671875 0.77578125 0.0828125 0.1296875
4 0.51484375 0.34609375 0.0921875 0.1375
4 0.5796875 0.7515625 0.0828125 0.125
3 0.40078125 0.3734375 0.0859375 0.1328125
3 0.42890625 0.56875 0.0859375 0.128125
4 0.54921875 0.559375 0.0875 0.1265625
0 0.31875 0.07734375 0.08125 0.1140625
2 0.2828125 0.38359375 0.103125 0.146875
12 0.359375 0.78359375 0.1015625 0.15625
11 0.46328125 0.04609375 0.0859375 0.0921875
8 0.321875 0.58359375 0.1 0.1453125
7 0.38671875 0.0859375 0.1078125 0.1578125