5 0.81015625 0.35546875 0.14453125 0.07578125
5 0.37578125 0.37890625 0.15234375 0.0703125
5 0.5921875 0.36796875 0.16640625 0.07890625
9 0.6109375 0.478125 0.68828125 0.3921875
12 0.484375 0.221875 0.1328125 0.08125
1 0.83359375 0.59609375 0.13203125 0.071875
0 0.8125 0.4734375 0.1328125 0.06796875
6 0.59453125 0.4734375 0.11875 0.06484375
11 0.3921875 0.60625 0.12578125 0.06875
10 0.37421875 0.48515625 0.1234375 0.06484375
8 0.8578125 0.19609375 0.1390625 0.07890625
7 0.60078125 0.60390625 0.12265625 0.06953125