9 0.44140625 0.4921875 0.3921875 0.5578125
3 0.4359375 0.5109375 0.06875 0.096875
3 0.3453125 0.49765625 0.0734375 0.0984375
3 0.521875 0.51171875 0.071875 0.1
5 0.32109375 0.63125 0.078125 0.1046875
5 0.41171875 0.6421875 0.084375 0.1125
5 0.49765625 0.65546875 0.0765625 0.1046875
2 0.61875 0.815625 0.0734375 0.109375
0 0.68046875 0.58125 0.0671875 0.090625
1 0.5546875 0.35859375 0.0703125 0.0984375
12 0.33984375 0.821875 0.075 0.1078125
11 0.3765625 0.3421875 0.071875 0.0953125
8 0.48671875 0.8421875 0.0703125 0.1078125
6 0.7 0.4328125 0.0640625 0.0890625
10 0.65 0.7125 0.0671875 0.09375
7 0.46328125 0.34765625 0.06875 0.0953125