9 0.446875 0.5109375 0.5671875 0.334375
3 0.45390625 0.41953125 0.1046875 0.0625
0 0.4296875 0.26484375 0.09375 0.0625
11 0.29375 0.60625 0.1015625 0.065625
2 0.62265625 0.2578125 0.1046875 0.06875
4 0.28046875 0.409375 0.1109375 0.0640625
1 0.23671875 0.2625 0.103125 0.0671875
12 0.625 0.61484375 0.1078125 0.0734375
5 0.62109375 0.41875 0.1078125 0.06875
7 0.2859375 0.51171875 0.1046875 0.0640625
10 0.47109375 0.61171875 0.1 0.0609375
6 0.4734375 0.51328125 0.0953125 0.059375
8 0.6234375 0.51640625 0.1078125 0.0703125