9 0.6015625 0.53359375 0.6765625 0.37890625
3 0.590625 0.52265625 0.121875 0.06484375
3 0.8046875 0.51328125 0.13515625 0.06640625
4 0.61328125 0.6453125 0.11875 0.06953125
5 0.784375 0.4140625 0.14765625 0.07265625
3 0.39296875 0.53984375 0.11875 0.065625
4 0.39921875 0.653125 0.12109375 0.06875
5 0.57421875 0.425 0.15546875 0.0734375
5 0.3734375 0.434375 0.1296875 0.06953125
2 0.13984375 0.459375 0.11875 0.065625
1 0.1203125 0.6859375 0.1375 0.065625
12 0.13828125 0.746875 0.13984375 0.07109375
8 0.134375 0.38125 0.12109375 0.07109375
0 0.1546875 0.56640625 0.1125 0.05625
11 0.82109375 0.6359375 0.13515625 0.07265625
7 0.13359375 0.6265625 0.13125 0.06171875
10 0.0640625 0.53046875 0.11171875 0.0609375
6 0.15234375 0.51015625 0.1046875 0.05625