2 0.08203125 0.59765625 0.1 0.0578125
3 0.48203125 0.49921875 0.0890625 0.053125
9 0.47578125 0.48984375 0.4859375 0.2921875
5 0.48203125 0.575 0.1203125 0.0609375
3 0.33359375 0.50078125 0.0953125 0.0546875
4 0.32109375 0.415625 0.0953125 0.05625
5 0.32890625 0.58359375 0.109375 0.059375
1 0.096875 0.40859375 0.10625 0.0546875
0 0.0921875 0.50078125 0.09375 0.05
12 0.6390625 0.5671875 0.10625 0.059375
8 0.11328125 0.6578125 0.1046875 0.0609375
11 0.63203125 0.40234375 0.090625 0.053125
10 0.640625 0.48984375 0.0953125 0.0546875
6 0.11015625 0.55 0.0890625 0.05
7 0.48359375 0.40859375 0.0890625 0.0515625