5 0.490625 0.6359375 0.1546875 0.115625
5 0.5625 0.37734375 0.1625 0.115625
5 0.5265625 0.509375 0.1671875 0.1234375
12 0.8 0.6234375 0.1578125 0.109375
1 0.0953125 0.28203125 0.134375 0.1015625
11 0.06171875 0.55078125 0.1234375 0.1109375
7 0.0703125 0.42421875 0.140625 0.1015625
8 0.87578125 0.39921875 0.1640625 0.109375
10 0.27890625 0.59921875 0.140625 0.0984375
0 0.32421875 0.33359375 0.153125 0.1046875
6 0.296875 0.43125 0.2984375 0.4328125 0.3140625 0.43125 0.321875 0.4328125 0.325 0.4359375 0.328125 0.434375 0.3375 0.4359375 0.35 0.4421875 0.3546875 0.4484375 0.359375 0.4484375 0.3671875 0.4546875 0.3734375 0.4640625 0.3734375 0.46875 0.378125 0.4734375 0.3765625 0.4765625 0.378125 0.4828125 0.375 0.484375 0.375 0.4890625 0.3671875 0.4953125 0.3640625 0.4953125 0.3625 0.4984375 0.35625 0.4984375 0.353125 0.5015625 0.340625 0.5046875 0.33125 0.503125 0.3234375 0.50625 0.2921875 0.5 0.2734375 0.490625 0.271875 0.4875 0.26875 0.4875 0.25625 0.4734375 0.2578125 0.4703125 0.253125 0.465625 0.25625 0.4515625 0.2578125 0.4484375 0.2625 0.446875 0.265625 0.440625 0.2703125 0.440625 0.271875 0.4375 0.2953125 0.4328125
9 0 0.6017795140625 0.61280809375 0.7250938171875 0.73339469375 0.3278475171875 0.0546810796875 0.1814641265625 0 0.4717350015625 0 0.6017795140625