9 0.41796875 0.5578125 0.409375 0.63125
4 0.5515625 0.384375 0.0796875 0.121875
4 0.340625 0.35234375 0.0765625 0.1109375
4 0.44140625 0.365625 0.071875 0.1140625
5 0.28203125 0.709375 0.0890625 0.11875
5 0.496875 0.75625 0.0875 0.1234375
2 0.65390625 0.94921875 0.0859375 0.1015625
5 0.39140625 0.73046875 0.0984375 0.134375
1 0.753125 0.4890625 0.0921875 0.1421875
0 0.51953125 0.56875 0.0765625 0.1125
12 0.3140625 0.93671875 0.0796875 0.0921875
11 0.71484375 0.415625 0.090625 0.1359375
7 0.7 0.7953125 0.09375 0.1390625
10 0.30234375 0.540625 0.0828125 0.1171875
6 0.41328125 0.56328125 0.0734375 0.1109375
8 0.4953125 0.96328125 0.071875 0.0734375