9 0.4109375 0.43671875 0.45 0.678125
3 0.39609375 0.434375 0.0828125 0.11875
3 0.44296875 0.60859375 0.08125 0.121875
5 0.35 0.65 0.084375 0.134375
5 0.3109375 0.465625 0.09375 0.1515625
5 0.271875 0.28984375 0.084375 0.1359375
2 0.321875 0.96875 0.10625 0.0625
0 0.48984375 0.96328125 0.0734375 0.0734375
1 0.54375 0.571875 0.0828125 0.1265625
6 0.590625 0.93515625 0.078125 0.1171875
12 0.178125 0.4390625 0.0890625 0.1265625
7 0.49609375 0.38125 0.0828125 0.1265625
10 0.35234375 0.24765625 0.0796875 0.1203125
11 0.45 0.2109375 0.084375 0.1375
8 0.2390625 0.74609375 0.09375 0.11875