3 0.60234375 0.4828125 0.15234375 0.0828125
3 0.83828125 0.4609375 0.13828125 0.07578125
5 0.57109375 0.34765625 0.1640625 0.084375
2 0.15390625 0.36328125 0.15078125 0.0875
5 0.81796875 0.33984375 0.1875 0.0921875
4 0.615625 0.625 0.15 0.08515625
0 0.20078125 0.52265625 0.14140625 0.0734375
9 0.709375 0.48125 0.58125 0.459375
8 0.1828125 0.25703125 0.14921875 0.096875
1 0.246875 0.67734375 0.13828125 0.0828125
6 0.2078125 0.4390625 0.134375 0.07421875
7 0.884375 0.61171875 0.17265625 0.08515625