5 0.2921875 0.484375 0.1109375 0.0828125
4 0.596875 0.50859375 0.1015625 0.06875
2 0.328125 0.70703125 0.0984375 0.0703125
0 0.4921875 0.66171875 0.0875 0.0640625
3 0.4484375 0.53515625 0.0953125 0.065625
9 0.4390625 0.45703125 0.5109375 0.3421875
5 0.30625 0.56875 0.1015625 0.0703125
11 0.55703125 0.34296875 0.0859375 0.0625
1 0.65234375 0.625 0.0953125 0.0671875
12 0.27265625 0.39921875 0.1 0.078125
8 0.2171875 0.7109375 0.1078125 0.071875
7 0.57734375 0.42265625 0.0921875 0.0640625
10 0.40625 0.37265625 0.0921875 0.065625
6 0.41875 0.45703125 0.090625 0.0625