4 0.646875 0.4265625 0.090625 0.140625
3 0.546875 0.6921875 0.0890625 0.1484375
3 0.5078125 0.46484375 0.0828125 0.1375
4 0.6796875 0.6703125 0.09375 0.153125
3 0.4828125 0.225 0.0828125 0.14375
9 0.5234375 0.47578125 0.4984375 0.8140625
4 0.61640625 0.20859375 0.084375 0.14375
11 0.71640625 0.9734375 0.0609375 0.0328125
12 0.3890625 0.1734375 0.39375 0.196875 0.39375 0.209375 0.396875 0.21875 0.396875 0.2484375 0.4 0.2515625 0.3984375 0.25625 0.4 0.2578125 0.4046875 0.3328125 0.3984375 0.33125 0.39375 0.325 0.384375 0.3203125 0.375 0.309375 0.36875 0.3078125 0.359375 0.2984375 0.3546875 0.296875 0.3546875 0.29375 0.3484375 0.290625 0.340625 0.28125 0.3359375 0.2796875 0.3203125 0.2609375 0.31875 0.25 0.31875 0.246875 0.3296875 0.2359375 0.3296875 0.2328125 0.3359375 0.2296875 0.3421875 0.221875 0.340625 0.21875 0.35 0.209375 0.3546875 0.2 0.36875 0.184375 0.36875 0.18125 0.38125 0.171875 0.3875 0.1734375
8 0.4125 0.415625 0.4109375 0.421875 0.415625 0.4390625 0.4140625 0.4515625 0.4203125 0.471875 0.41875 0.4828125 0.425 0.4953125 0.4234375 0.496875 0.425 0.5015625 0.4234375 0.515625 0.4265625 0.5234375 0.425 0.5265625 0.4296875 0.5328125 0.43125 0.546875 0.4296875 0.55 0.43125 0.5609375 0.425 0.56875 0.4125 0.5640625 0.4109375 0.559375 0.39375 0.5515625 0.39375 0.5484375 0.3734375 0.5328125 0.3703125 0.528125 0.3640625 0.528125 0.3625 0.525 0.3546875 0.521875 0.3484375 0.515625 0.346875 0.5109375 0.346875 0.4953125 0.3515625 0.490625 0.35 0.4875 0.3546875 0.4796875 0.3640625 0.471875 0.3640625 0.4671875 0.36875 0.459375 0.3890625 0.4390625 0.39375 0.4296875 0.40625 0.4171875 0.4109375 0.415625
2 0.440625 0.659375 0.44375 0.665625 0.440625 0.671875 0.440625 0.68125 0.4421875 0.69375 0.4453125 0.696875 0.446875 0.70625 0.4453125 0.7109375 0.4484375 0.725 0.446875 0.7375 0.45 0.7546875 0.45 0.784375 0.4515625 0.7859375 0.45 0.80625 0.4453125 0.8109375 0.440625 0.8109375 0.4390625 0.8078125 0.4265625 0.8 0.41875 0.790625 0.409375 0.7890625 0.4 0.7765625 0.3953125 0.7765625 0.3875 0.7671875 0.371875 0.759375 0.36875 0.7546875 0.36875 0.7484375 0.3734375 0.7375 0.378125 0.734375 0.38125 0.7234375 0.3859375 0.7203125 0.3890625 0.7125 0.396875 0.7078125 0.4015625 0.6984375 0.425 0.675 0.43125 0.6671875 0.4328125 0.6609375 0.4390625 0.659375