5 0.4109375 0.440625 0.13515625 0.06328125
5 0.2296875 0.4421875 0.1234375 0.06171875
3 0.2421875 0.5375 0.11171875 0.05859375
5 0.58671875 0.43984375 0.1234375 0.05859375
9 0.409375 0.53984375 0.559375 0.31796875
10 0.60078125 0.5265625 0.11328125 0.0578125
12 0.47421875 0.31875 0.11015625 0.0625
1 0.240625 0.63984375 0.10625 0.059375
11 0.5984375 0.628125 0.09453125 0.0546875
8 0.17109375 0.31796875 0.10859375 0.0609375
7 0.42734375 0.634375 0.1015625 0.05859375
6 0.4171875 0.5265625 0.09921875 0.05390625