9 0.41796875 0.48203125 0.5625 0.315625
3 0.421875 0.38828125 0.103125 0.059375
12 0.60859375 0.5765625 0.103125 0.06875
4 0.24296875 0.38828125 0.1078125 0.059375
11 0.27265625 0.5875 0.103125 0.0609375
5 0.5890625 0.378125 0.10625 0.0640625
1 0.18828125 0.246875 0.0984375 0.05625
10 0.4546875 0.58359375 0.1 0.059375
7 0.25859375 0.4921875 0.10625 0.059375
8 0.59921875 0.4765625 0.10625 0.0671875
2 0.578125 0.234375 0.1 0.028125
6 0.44765625 0.48359375 0.09375 0.05625
0 0.38359375 0.24140625 0.0875 0.04375