3 0.6359375 0.36015625 0.07890625 0.1359375
3 0.61171875 0.5859375 0.075 0.12890625
4 0.7296875 0.82890625 0.075 0.1328125
4 0.76796875 0.37578125 0.08203125 0.14609375
3 0.6 0.821875 0.07421875 0.13828125
4 0.74765625 0.61484375 0.078125 0.1296875
9 0.62578125 0.57265625 0.4453125 0.76875
12 0.48203125 0.80546875 0.08125 0.16328125
0 0.61875 0.03671875 0.075 0.0703125
11 0.7921875 0.040625 0.08984375 0.08125
2 0.525 0.2625 0.53125 0.259375 0.5421875 0.259375 0.5453125 0.265625 0.5421875 0.3140625 0.5375 0.3375 0.5390625 0.340625 0.5375 0.4015625 0.5359375 0.403125 0.5296875 0.4015625 0.525 0.396875 0.525 0.39375 0.50625 0.378125 0.5046875 0.3734375 0.5 0.371875 0.4890625 0.359375 0.4859375 0.359375 0.478125 0.3515625 0.4765625 0.34375 0.471875 0.3390625 0.4703125 0.33125 0.4671875 0.328125 0.46875 0.31875 0.4765625 0.3140625 0.4765625 0.3109375 0.484375 0.3 0.496875 0.2875 0.5 0.2875 0.5125 0.278125 0.525 0.2640625
8 0.5109375 0.4984375 0.51875 0.496875 0.525 0.490625 0.5328125 0.490625 0.5328125 0.5359375 0.5296875 0.5546875 0.528125 0.6203125 0.5234375 0.646875 0.51875 0.646875 0.490625 0.6125 0.4765625 0.6015625 0.4765625 0.596875 0.4734375 0.5953125 0.4703125 0.5875 0.4578125 0.571875 0.4546875 0.5609375 0.4546875 0.553125 0.4578125 0.546875 0.46875 0.5359375 0.4734375 0.534375 0.48125 0.525 0.4890625 0.521875 0.4953125 0.5109375 0.503125 0.509375 0.5109375 0.5
7 0.6625 0 0.734375 0 0.734375 0.0046875 0.74375 0.01875 0.7453125 0.025 0.74375 0.0390625 0.7203125 0.0796875 0.7109375 0.1015625 0.70625 0.1046875 0.6984375 0.1203125 0.6921875 0.1265625 0.6859375 0.1265625 0.6734375 0.1078125 0.6671875 0.09375 0.6625 0.0890625 0.659375 0.0796875 0.6546875 0.0765625 0.6546875 0.071875 0.6515625 0.0703125 0.6453125 0.0578125 0.6453125 0.0484375 0.6546875 0.0328125 0.6625 0.0015625