2 0.7875 0.3984375 0.10625 0.071875
3 0.5078125 0.4296875 0.103125 0.06875
5 0.5328125 0.34921875 0.1109375 0.0734375
5 0.38046875 0.3171875 0.1234375 0.078125
0 0.74375 0.490625 0.0984375 0.0640625
9 0.36171875 0.4015625 0.5359375 0.3703125
4 0.4953125 0.5171875 0.1 0.0671875
1 0.71484375 0.58046875 0.1015625 0.065625
12 0.2171875 0.28203125 0.128125 0.0796875
11 0.1796875 0.4484375 0.0984375 0.065625
10 0.19921875 0.36015625 0.109375 0.071875
8 0.765625 0.32890625 0.1046875 0.0765625
6 0.35625 0.39140625 0.0953125 0.065625
7 0.33359375 0.48203125 0.1 0.065625