4 0.55234375 0.425 0.11640625 0.06484375
0 0.86171875 0.5125 0.1140625 0.05859375
3 0.5546875 0.53046875 0.1109375 0.05859375
1 0.840625 0.39296875 0.11796875 0.059375
12 0.18359375 0.64375 0.140625 0.06953125
11 0.16171875 0.43828125 0.12734375 0.0609375
2 0.5703125 0.64140625 0.1296875 0.06953125
10 0.17421875 0.54921875 0.11328125 0.06171875
6 0.36328125 0.54765625 0.10390625 0.05703125
7 0.3453125 0.43203125 0.11484375 0.0609375
8 0.37578125 0.6421875 0.13046875 0.06875
9 0.10174791718750001 0.708730140625 0.6937020828125 0.6982827109375 0.6521354171875 0.3502885515625 0.0638979171875 0.3790654203125 0.10174791718750001 0.708730140625