5 0.534375 0.37734375 0.14375 0.075
5 0.746875 0.3890625 0.16484375 0.078125
2 0.17109375 0.3546875 0.13984375 0.07421875
3 0.534375 0.49453125 0.12734375 0.06953125
0 0.1875 0.49375 0.1265625 0.06484375
4 0.50859375 0.6171875 0.1296875 0.07421875
1 0.1828125 0.6296875 0.13671875 0.07421875
9 0.69140625 0.50625 0.6171875 0.40234375
8 0.23046875 0.26875 0.12890625 0.07890625
7 0.74765625 0.62578125 0.13671875 0.07109375
12 0.946875 0.3953125 0.10625 0.078125
6 0.7546875 0.49375 0.1234375 0.0671875
10 0.95078125 0.50625 0.0984375 0.0703125
11 0.94140625 0.634375 0.1171875 0.071875