3 0.5015625 0.54765625 0.1015625 0.0609375
5 0.49296875 0.46796875 0.128125 0.071875
5 0.6546875 0.4484375 0.1125 0.06875
9 0.5109375 0.5546875 0.5296875 0.3375
2 0.9203125 0.41484375 0.109375 0.065625
4 0.678125 0.62734375 0.103125 0.0640625
3 0.65859375 0.5359375 0.1015625 0.0625
1 0.921875 0.62109375 0.109375 0.0640625
0 0.91875 0.51953125 0.103125 0.059375
12 0.3296875 0.4859375 0.121875 0.0671875
10 0.33828125 0.56640625 0.1 0.059375
8 0.8796875 0.35390625 0.1078125 0.06875
7 0.50859375 0.64453125 0.096875 0.0609375
11 0.35234375 0.6609375 0.103125 0.0625
6 0.896875 0.46875 0.09375 0.05625