3 0.396875 0.5578125 0.053125 0.0875
3 0.56875 0.57265625 0.0515625 0.084375
3 0.48046875 0.571875 0.0484375 0.0828125
5 0.47421875 0.7015625 0.065625 0.096875
5 0.38828125 0.70234375 0.0609375 0.090625
5 0.5609375 0.70546875 0.059375 0.0890625
2 0.23359375 0.840625 0.0484375 0.10625
9 0.47734375 0.5515625 0.2796875 0.4859375
1 0.39765625 0.4015625 0.053125 0.0859375
0 0.23203125 0.5953125 0.0359375 0.0828125
12 0.50234375 0.8859375 0.053125 0.0953125
11 0.57421875 0.42109375 0.0484375 0.0828125
10 0.23125 0.73203125 0.0375 0.0890625
8 0.35625 0.88515625 0.0515625 0.09375
6 0.2390625 0.44453125 0.0453125 0.08125
7 0.490625 0.409375 0.05 0.0859375