2 0.06484375 0.44375 0.10546875 0.053125
3 0.33203125 0.52265625 0.09921875 0.0515625
0 0.0921875 0.5390625 0.09375 0.04609375
5 0.31953125 0.43984375 0.10625 0.053125
9 0.47421875 0.525 0.4890625 0.275
1 0.10625 0.634375 0.09765625 0.0484375
12 0.62734375 0.43359375 0.10390625 0.0515625
4 0.33359375 0.60859375 0.0921875 0.05078125
7 0.4953125 0.60234375 0.0890625 0.04921875
8 0.4734375 0.4359375 0.0984375 0.0515625
11 0.640625 0.59609375 0.09375 0.0484375
10 0.63515625 0.50859375 0.0875 0.04921875
6 0.48203125 0.51015625 0.08359375 0.046875