3 0.68828125 0.4921875 0.0796875 0.1015625
3 0.5015625 0.471875 0.078125 0.103125
3 0.59375 0.4734375 0.075 0.1
2 0.4125 0.1515625 0.084375 0.1203125
9 0.59140625 0.4875 0.4296875 0.590625
5 0.71953125 0.34921875 0.0890625 0.109375
5 0.625 0.334375 0.09375 0.11875
5 0.534375 0.3171875 0.084375 0.1109375
12 0.70703125 0.146875 0.0859375 0.11875
0 0.33984375 0.390625 0.0734375 0.0984375
1 0.46328125 0.628125 0.0796875 0.1078125
8 0.55078125 0.12578125 0.078125 0.1140625
11 0.653125 0.6515625 0.0796875 0.10625
6 0.31484375 0.546875 0.0703125 0.09375
10 0.378125 0.25546875 0.0734375 0.1
7 0.56015625 0.6421875 0.0765625 0.1046875