9 0.58984375 0.65546875 0.36875 0.5984375
4 0.4890625 0.6640625 0.06875 0.10625
4 0.48125 0.83359375 0.065625 0.109375
5 0.70546875 0.4796875 0.0703125 0.125
4 0.5 0.4734375 0.06875 0.1125
5 0.690625 0.66484375 0.075 0.1359375
2 0.83828125 0.15859375 0.084375 0.1234375
1 0.5640625 0.08984375 0.0828125 0.1390625
5 0.6765625 0.85078125 0.0703125 0.1328125
7 0.73984375 0.11484375 0.0828125 0.1359375
12 0.81328125 0.74765625 0.0765625 0.125
11 0.51953125 0.18359375 0.0765625 0.13125
0 0.60546875 0.48359375 0.0640625 0.1046875
6 0.6 0.66796875 0.0703125 0.1140625
8 0.84296875 0.4328125 0.078125 0.1140625
10 0.58515625 0.8546875 0.065625 0.1140625