5 0.31171875 0.40390625 0.134375 0.078125
5 0.68125 0.36875 0.134375 0.075
5 0.49609375 0.38671875 0.1453125 0.0796875
9 0.50234375 0.4890625 0.603125 0.3859375
3 0.334375 0.50234375 0.11875 0.071875
11 0.7140625 0.5625 0.1078125 0.06875
1 0.3375 0.60859375 0.1171875 0.0734375
8 0.24140625 0.2796875 0.11875 0.0796875
12 0.559375 0.253125 0.1171875 0.0765625
2 0.01875 0.33984375 0.0375 0.0546875
7 0.53359375 0.58671875 0.109375 0.06875
10 0.7 0.45859375 0.115625 0.06875
0 0.00859375 0.5015625 0.0171875 0.04375
6 0.51484375 0.4765625 0.103125 0.0640625