9 0.51953125 0.52890625 0.6046875 0.43125
3 0.35859375 0.48828125 0.1140625 0.0796875
4 0.33515625 0.5828125 0.1140625 0.08125
0 0.08984375 0.4390625 0.1140625 0.075
2 0.0875 0.32890625 0.1265625 0.084375
1 0.0796875 0.54609375 0.1203125 0.0796875
5 0.365625 0.39375 0.128125 0.084375
12 0.70703125 0.4703125 0.1328125 0.0859375
10 0.6953125 0.55703125 0.1140625 0.078125
11 0.68046875 0.65625 0.115625 0.0796875
7 0.5140625 0.6203125 0.1125 0.0796875
6 0.52734375 0.5171875 0.1015625 0.071875
8 0.53828125 0.43359375 0.1296875 0.0859375