9 0.6078125 0.40546875 0.6625 0.4140625
11 0.79296875 0.26875 0.1265625 0.0859375
1 0.8609375 0.653125 0.1265625 0.084375
12 0.40078125 0.31484375 0.1234375 0.09375
3 0.609375 0.5125 0.1296875 0.08125
0 0.64296875 0.6796875 0.1109375 0.0765625
2 0.4265625 0.71875 0.1203125 0.084375
4 0.80859375 0.4953125 0.1328125 0.08125
7 0.80390625 0.378125 0.125 0.0765625
8 0.41328125 0.4296875 0.125 0.0859375
5 0.42109375 0.5390625 0.1203125 0.0828125
10 0.58046875 0.2921875 0.1171875 0.0796875
6 0.584375 0.40546875 0.1125 0.071875