4 0.515625 0.40234375 0.0875 0.05625
4 0.3734375 0.38203125 0.0828125 0.053125
3 0.35546875 0.46171875 0.0828125 0.0515625
5 0.3421875 0.52890625 0.1125 0.0609375
3 0.48671875 0.47578125 0.084375 0.0515625
9 0.36171875 0.4546875 0.4703125 0.29375
5 0.4765625 0.54921875 0.0953125 0.0546875
5 0.20390625 0.50703125 0.103125 0.0546875
12 0.71484375 0.375 0.090625 0.0546875
2 0.63984375 0.56875 0.0796875 0.0515625
7 0.69296875 0.45703125 0.0859375 0.0515625
1 0.71796875 0.41953125 0.08125 0.046875
8 0.6265625 0.62421875 0.084375 0.05625
10 0.2125 0.440625 0.0921875 0.053125
0 0.66171875 0.49296875 0.0796875 0.0453125
11 0.23828125 0.36171875 0.0859375 0.053125
6 0.6515625 0.53203125 0.075 0.0453125