5 0.359375 0.43828125 0.09765625 0.06640625
3 0.52109375 0.62578125 0.103125 0.06015625
5 0.35625 0.534375 0.10859375 0.07265625
5 0.35390625 0.63203125 0.103125 0.0640625
9 0.52578125 0.5375 0.5421875 0.29921875
11 0.68203125 0.434375 0.096875 0.059375
12 0.1484375 0.49765625 0.10859375 0.06171875
1 0.6984375 0.628125 0.10390625 0.0578125
7 0.69453125 0.5265625 0.10234375 0.05703125
8 0.1390625 0.66328125 0.1109375 0.05859375
10 0.51015625 0.4328125 0.08828125 0.0546875
6 0.5078125 0.53125 0.0890625 0.05234375