3 0.3765625 0.34296875 0.0859375 0.053125
3 0.51484375 0.3171875 0.0828125 0.0515625
9 0.509375 0.325 0.5109375 0.3234375
4 0.5421875 0.40078125 0.084375 0.0546875
4 0.3921875 0.42421875 0.0921875 0.05625
5 0.64375 0.2234375 0.1046875 0.059375
5 0.496875 0.24765625 0.1078125 0.0625
5 0.34765625 0.26875 0.096875 0.05625
10 0.665625 0.29375 0.096875 0.059375
12 0.2078125 0.509375 0.1015625 0.059375
2 0.1671875 0.3 0.0921875 0.0578125
0 0.19453125 0.38203125 0.0875 0.0515625
11 0.68203125 0.37578125 0.0890625 0.0546875
8 0.153125 0.24296875 0.0953125 0.0640625
7 0.1859375 0.4265625 0.0921875 0.053125
1 0.184375 0.46953125 0.1 0.0546875
6 0.17890625 0.34140625 0.0734375 0.0453125