3 0.46875 0.29140625 0.0875 0.13125
3 0.4890625 0.084375 0.0875 0.13125
4 0.590625 0.31328125 0.09375 0.1359375
4 0.61953125 0.09296875 0.084375 0.125
0 0.38984375 0.60859375 0.08125 0.1234375
11 0.5453125 0.6515625 0.0984375 0.15625
2 0.34140625 0.2734375 0.1 0.153125
9 0.48671875 0.225 0.4484375 0.45
7 0.46171875 0.5984375 0.10625 0.1625
8 0.3796875 0.00625 0.3890625 0 0.4125 0 0.4140625 0.0015625 0.4125 0.00625 0.4140625 0.0078125 0.4140625 0.028125 0.4125 0.0296875 0.4140625 0.0390625 0.4125 0.05 0.40625 0.053125 0.409375 0.0609375 0.40625 0.065625 0.4078125 0.0703125 0.4046875 0.084375 0.40625 0.09375 0.403125 0.0953125 0.4015625 0.10625 0.403125 0.1171875 0.396875 0.121875 0.3984375 0.125 0.39375 0.128125 0.39375 0.13125 0.39375 0.1265625 0.384375 0.1125 0.3796875 0.109375 0.3765625 0.1 0.36875 0.0953125 0.365625 0.0859375 0.359375 0.0828125 0.359375 0.078125 0.35625 0.0765625 0.3546875 0.06875 0.346875 0.0625 0.346875 0.05625 0.3421875 0.046875 0.34375 0.0453125 0.3421875 0.0359375 0.346875 0.0296875 0.3484375 0.03125 0.353125 0.025 0.35625 0.025 0.359375 0.0203125 0.3609375 0.021875 0.3640625 0.0171875 0.3796875 0.0078125
6 0.3359375 0.65625 0.340625 0.6609375 0.3453125 0.6609375 0.35 0.6640625 0.35 0.6671875 0.35625 0.671875 0.3578125 0.6828125 0.3609375 0.6859375 0.359375 0.6875 0.3609375 0.709375 0.35 0.7484375 0.334375 0.76875 0.3234375 0.7734375 0.3171875 0.771875 0.3109375 0.775 0.2984375 0.7609375 0.2921875 0.7421875 0.29375 0.7265625 0.2921875 0.715625 0.2984375 0.6859375 0.3078125 0.671875 0.3109375 0.6703125 0.3109375 0.665625 0.3140625 0.665625 0.325 0.6578125 0.3265625 0.659375 0.3359375 0.6578125
10 0.3984375 0.68125 0.4125 0.696875 0.4125 0.7015625 0.41875 0.7125 0.4171875 0.7140625 0.41875 0.728125 0.421875 0.7359375 0.41875 0.7578125 0.409375 0.7828125 0.3984375 0.796875 0.3828125 0.803125 0.378125 0.803125 0.3765625 0.8 0.365625 0.7953125 0.3578125 0.7828125 0.353125 0.759375 0.3546875 0.753125 0.353125 0.7421875 0.3546875 0.7328125 0.3578125 0.7296875 0.3578125 0.721875 0.3609375 0.71875 0.3625 0.709375 0.365625 0.703125 0.36875 0.7015625 0.36875 0.6984375 0.3859375 0.68125 0.396875 0.68125
1 0.496875 0.6796875 0.5015625 0.6796875 0.50625 0.684375 0.50625 0.6890625 0.509375 0.6921875 0.509375 0.7015625 0.5125 0.7046875 0.5109375 0.709375 0.515625 0.71875 0.5140625 0.7234375 0.51875 0.7296875 0.5171875 0.7359375 0.5203125 0.7390625 0.521875 0.75 0.525 0.753125 0.5234375 0.7546875 0.525 0.765625 0.5 0.7921875 0.5 0.7953125 0.49375 0.7984375 0.4859375 0.809375 0.4859375 0.8125 0.48125 0.8140625 0.471875 0.8234375 0.4671875 0.825 0.4609375 0.8234375 0.453125 0.7859375 0.446875 0.771875 0.4484375 0.7703125 0.4453125 0.7625 0.446875 0.759375 0.44375 0.753125 0.4453125 0.7484375 0.4421875 0.7390625 0.44375 0.73125 0.45 0.725 0.453125 0.7171875 0.45625 0.7171875 0.4828125 0.690625 0.496875 0.68125