3 0.6625 0.46328125 0.0828125 0.046875
3 0.7984375 0.44609375 0.08125 0.046875
9 0.76796875 0.440625 0.4640625 0.3
4 0.6203125 0.38984375 0.090625 0.053125
4 0.76484375 0.3671875 0.084375 0.05
5 0.81875 0.51484375 0.1046875 0.0578125
2 0.51875 0.56328125 0.0828125 0.046875
5 0.68359375 0.53671875 0.0890625 0.05
1 0.415625 0.409375 0.08125 0.046875
5 0.95390625 0.4921875 0.0890625 0.05
12 0.4171875 0.36640625 0.0890625 0.0515625
8 0.5421875 0.61796875 0.0828125 0.0484375
7 0.44921875 0.44765625 0.0875 0.05
11 0.9046875 0.34296875 0.0921875 0.053125
0 0.4859375 0.4828125 0.075 0.040625
6 0.503125 0.52265625 0.0734375 0.0421875
10 0.94296875 0.4234375 0.090625 0.0484375