3 0.54609375 0.646875 0.0875 0.125
5 0.48671875 0.8546875 0.103125 0.1640625
3 0.58515625 0.83515625 0.0859375 0.1265625
2 0.25546875 0.35859375 0.0984375 0.1328125
5 0.440625 0.6625 0.0921875 0.134375
0 0.41953125 0.2796875 0.08125 0.121875
1 0.65625 0.6125 0.0890625 0.13125
6 0.53046875 0.27265625 0.0796875 0.1171875
9 0.56875 0.73359375 0.465625 0.5328125
10 0.3265625 0.31875 0.0828125 0.121875
12 0.36953125 0.94609375 0.0984375 0.1078125
8 0.29296875 0.64296875 0.0890625 0.1296875
7 0.70625 0.81484375 0.0921875 0.1375