4 0.5 0.4734375 0.06484375 0.11015625
5 0.70625 0.46484375 0.06328125 0.1203125
4 0.50234375 0.66328125 0.06015625 0.09921875
4 0.5046875 0.834375 0.0578125 0.1046875
5 0.70078125 0.6515625 0.06796875 0.13984375
5 0.7 0.83359375 0.06171875 0.13203125
9 0.60078125 0.65078125 0.33125 0.57421875
2 0.81171875 0.13671875 0.07734375 0.12109375
1 0.53671875 0.08515625 0.07421875 0.13515625
11 0.496875 0.1796875 0.06640625 0.12890625
12 0.82890625 0.72421875 0.06953125 0.12265625
7 0.7125 0.09765625 0.078125 0.13203125
8 0.8375 0.409375 0.0703125 0.109375
0 0.6 0.425 0.609375 0.425 0.6109375 0.428125 0.6171875 0.43125 0.628125 0.4484375 0.6328125 0.465625 0.6328125 0.4859375 0.6296875 0.496875 0.6296875 0.5078125 0.625 0.5125 0.621875 0.5203125 0.615625 0.5265625 0.60625 0.5296875 0.596875 0.5296875 0.5875 0.521875 0.5875 0.51875 0.578125 0.5046875 0.575 0.4859375 0.575 0.46875 0.5828125 0.4421875 0.5921875 0.4296875 0.6 0.4265625
6 0.609375 0.6109375 0.6171875 0.6125 0.6296875 0.6234375 0.6296875 0.6265625 0.634375 0.63125 0.6390625 0.646875 0.6390625 0.6859375 0.6265625 0.7078125 0.6203125 0.7109375 0.61875 0.7140625 0.609375 0.7140625 0.596875 0.703125 0.596875 0.7 0.5921875 0.696875 0.5875 0.6859375 0.584375 0.659375 0.5875 0.634375 0.5953125 0.61875 0.6015625 0.6125 0.6078125 0.6125
10 0.596875 0.8 0.6140625 0.7984375 0.6234375 0.80625 0.6296875 0.815625 0.6375 0.8484375 0.6375 0.865625 0.634375 0.8796875 0.6265625 0.8953125 0.61875 0.903125 0.6125 0.9046875 0.6015625 0.903125 0.59375 0.8953125 0.5890625 0.8890625 0.584375 0.8734375 0.5828125 0.834375 0.584375 0.825 0.5875 0.8203125 0.5875 0.8125 0.5921875 0.8078125 0.5921875 0.8046875 0.5953125 0.8046875 0.596875 0.8015625