9 0.37421875 0.5078125 0.3671875 0.7078125
4 0.353125 0.2953125 0.0734375 0.1234375
4 0.47734375 0.30703125 0.08125 0.13125
4 0.25390625 0.28828125 0.046875 0.1140625
1 0.71953125 0.4125 0.096875 0.1578125
2 0.6328125 0.940625 0.09375 0.11875
5 0.32109375 0.70625 0.1015625 0.1421875
5 0.440625 0.728125 0.090625 0.1328125
7 0.6734375 0.7671875 0.09375 0.15625
0 0.45390625 0.5203125 0.0828125 0.1296875
11 0.665625 0.32734375 0.0921875 0.1515625
5 0.22265625 0.6875 0.053125 0.1171875
12 0.253125 0.934375 0.0859375 0.0984375
6 0.33046875 0.52109375 0.0796875 0.125
10 0.23359375 0.50859375 0.04375 0.13125
8 0.45390625 0.959375 0.0765625 0.0796875