3 0.41015625 0.4765625 0.05625 0.0953125
3 0.39921875 0.646875 0.05625 0.1015625
3 0.4265625 0.31640625 0.0578125 0.1015625
5 0.328125 0.46328125 0.0640625 0.121875
5 0.33671875 0.2984375 0.059375 0.109375
5 0.31875 0.6328125 0.059375 0.115625
9 0.421875 0.4734375 0.3265625 0.5515625
1 0.52109375 0.3203125 0.0578125 0.1015625
12 0.21015625 0.521875 0.065625 0.1046875
7 0.5078125 0.49375 0.0578125 0.1
11 0.49296875 0.6546875 0.0578125 0.1046875
2 0.265625 0.0265625 0.059375 0.053125
6 0.50703125 0.03125 0.0515625 0.0625
8 0.225 0.23828125 0.065625 0.1