4 0.59765625 0.58046875 0.13359375 0.07265625
3 0.36953125 0.4640625 0.12265625 0.06640625
5 0.18125 0.46875 0.134375 0.0875
3 0.38359375 0.578125 0.1265625 0.071875
5 0.175 0.5875 0.13046875 0.07890625
9 0.384375 0.46953125 0.6796875 0.36484375
11 0.58046875 0.34375 0.11328125 0.07578125
1 0.6515625 0.7546875 0.1140625 0.05234375
12 0.17890625 0.3484375 0.13359375 0.0859375
7 0.5890625 0.45546875 0.11640625 0.0703125
10 0.36640625 0.3453125 0.115625 0.06796875
0 0.415625 0.7609375 0.1140625 0.04140625
6 0.28828125 0.75625 0.115625 0.04921875