3 0.31953125 0.38359375 0.1203125 0.0671875
3 0.7015625 0.3828125 0.1171875 0.0640625
5 0.68359375 0.29140625 0.1359375 0.0703125
4 0.525 0.49296875 0.1125 0.0703125
3 0.503125 0.378125 0.1109375 0.0640625
4 0.32265625 0.49375 0.1234375 0.071875
5 0.4921875 0.28515625 0.1484375 0.075
5 0.3 0.278125 0.1375 0.071875
9 0.4953125 0.39609375 0.6484375 0.3796875
1 0.0453125 0.51171875 0.090625 0.0703125
12 0.05546875 0.57421875 0.1109375 0.0734375
2 0.05546875 0.28203125 0.0921875 0.06875
0 0.06171875 0.39609375 0.115625 0.0640625
7 0.04921875 0.453125 0.0984375 0.0671875
6 0.06171875 0.33671875 0.1109375 0.0625
8 0.059375 0.2078125 0.0921875 0.0828125
11 0.71328125 0.48984375 0.121875 0.0671875