3 0.746875 0.49296875 0.09453125 0.05078125
3 0.59375 0.503125 0.090625 0.04921875
9 0.59921875 0.4953125 0.49921875 0.28203125
4 0.7484375 0.40546875 0.0953125 0.05390625
5 0.7625 0.58046875 0.109375 0.0578125
5 0.6015625 0.58046875 0.12109375 0.05859375
12 0.4375 0.5859375 0.10859375 0.05625
10 0.43046875 0.50625 0.09453125 0.05
11 0.428125 0.4140625 0.09296875 0.05234375
0 0.96953125 0.47578125 0.06015625 0.0453125
1 0.96171875 0.38203125 0.0765625 0.04921875
7 0.5828125 0.41015625 0.090625 0.053125
6 0.9671875 0.5265625 0.06484375 0.046875
2 0.9796875 0.5703125 0.0390625 0.034375
8 0.9671875 0.6375 0.06171875 0.053125