5 0.265625 0.4703125 0.10703125 0.053125
1 0.04609375 0.66640625 0.09140625 0.05
9 0.41640625 0.5578125 0.4859375 0.275
4 0.27578125 0.64140625 0.09375 0.05234375
3 0.2765625 0.553125 0.09296875 0.05
0 0.03984375 0.56875 0.07890625 0.046875
2 0.02890625 0.47265625 0.0578125 0.04921875
11 0.58359375 0.6296875 0.09140625 0.0484375
12 0.571875 0.465625 0.10234375 0.05078125
8 0.4203125 0.4671875 0.10234375 0.0515625
10 0.57890625 0.54140625 0.08671875 0.04921875
7 0.43828125 0.634375 0.08828125 0.05078125
6 0.428125 0.5421875 0.08359375 0.046875