3 0.4734375 0.46640625 0.11640625 0.06484375
0 0.45078125 0.29375 0.10234375 0.0640625
5 0.65703125 0.4609375 0.1171875 0.07109375
2 0.67421875 0.2796875 0.1140625 0.071875
4 0.275 0.46171875 0.11796875 0.0625
9 0.46171875 0.57109375 0.61484375 0.33671875
1 0.234375 0.2984375 0.1125 0.06953125
12 0.65234375 0.6828125 0.11875 0.07734375
11 0.2796875 0.6828125 0.1171875 0.07109375
7 0.278125 0.57890625 0.1125 0.06484375
8 0.66015625 0.57109375 0.121875 0.0703125
10 0.48125 0.68359375 0.1109375 0.0640625
6 0.48828125 0.57421875 0.10546875 0.05859375