2 0.76015625 0.340625 0.09765625 0.05234375
3 0.49296875 0.4296875 0.0953125 0.05078125
5 0.50078125 0.3453125 0.10234375 0.053125
5 0.3453125 0.34609375 0.1140625 0.05625
0 0.73671875 0.43984375 0.090625 0.046875
9 0.34453125 0.43203125 0.4890625 0.27421875
4 0.49921875 0.51796875 0.09140625 0.05
1 0.7265625 0.534375 0.09375 0.04765625
12 0.178125 0.3453125 0.11875 0.05625
11 0.17578125 0.51640625 0.090625 0.0484375
10 0.1765625 0.42578125 0.1 0.05234375
8 0.72421875 0.27734375 0.09453125 0.05859375
6 0.33671875 0.4234375 0.0875 0.0484375
7 0.33359375 0.5171875 0.0921875 0.04765625