3 0.31640625 0.48046875 0.1296875 0.06875
3 0.51953125 0.46953125 0.1265625 0.06875
5 0.50703125 0.36640625 0.1609375 0.0765625
4 0.53359375 0.5921875 0.11875 0.06875
4 0.31640625 0.6 0.12734375 0.0703125
5 0.29765625 0.36875 0.14140625 0.0703125
9 0.5109375 0.48203125 0.66640625 0.37421875
10 0.734375 0.46328125 0.13046875 0.06875
12 0.72109375 0.35625 0.15078125 0.07578125
11 0.73984375 0.58671875 0.1359375 0.06796875
1 0.03984375 0.6375 0.07890625 0.0671875
8 0.0296875 0.2984375 0.05859375 0.05625
0 0.028125 0.50625 0.05625 0.059375
6 0.03125 0.4390625 0.0625 0.059375