3 0.39765625 0.440625 0.0515625 0.0859375
3 0.5703125 0.42890625 0.05078125 0.08359375
3 0.48203125 0.428125 0.04765625 0.08125
5 0.478125 0.29765625 0.0640625 0.09609375
5 0.3921875 0.29609375 0.059375 0.08984375
5 0.56484375 0.2953125 0.05859375 0.0875
2 0.23984375 0.1546875 0.04609375 0.1046875
9 0.478125 0.4484375 0.271875 0.48125
1 0.39609375 0.596875 0.0515625 0.084375
0 0.23359375 0.4 0.034375 0.0828125
12 0.509375 0.1140625 0.0515625 0.09453125
11 0.57265625 0.58046875 0.046875 0.08125
10 0.23515625 0.26328125 0.03671875 0.08828125
8 0.36328125 0.1125 0.04921875 0.0921875
6 0.23828125 0.55078125 0.04375 0.08046875
7 0.4890625 0.590625 0.0484375 0.084375