3 0.5015625 0.6578125 0.059375 0.1
3 0.59921875 0.63984375 0.0640625 0.10546875
5 0.4046875 0.821875 0.071875 0.10703125
5 0.50546875 0.81484375 0.07578125 0.115625
5 0.60859375 0.81328125 0.06875 0.109375
9 0.50234375 0.63984375 0.31953125 0.56875
3 0.396875 0.66640625 0.0625 0.1046875
1 0.59609375 0.46328125 0.059375 0.103125
11 0.39140625 0.4890625 0.05859375 0.09921875
7 0.49140625 0.4734375 0.06015625 0.1
0 0.778125 0.6796875 0.0125 0.0796875
6 0.76875 0.50625 0.03046875 0.09453125
2 0.771875 0.95703125 0.02578125 0.07890625