3 0.4015625 0.4671875 0.115625 0.0671875
4 0.60234375 0.353125 0.1203125 0.06875
3 0.403125 0.36328125 0.109375 0.065625
4 0.59375 0.46640625 0.1234375 0.071875
5 0.2375 0.37265625 0.1265625 0.0859375
5 0.2203125 0.4796875 0.1171875 0.0765625
3 0.41796875 0.25625 0.109375 0.0703125
5 0.2546875 0.26875 0.115625 0.0765625
2 0.20703125 0.6109375 0.1265625 0.0671875
9 0.4171875 0.3828125 0.665625 0.35625
12 0.72890625 0.615625 0.11875 0.078125
0 0.41171875 0.6078125 0.1015625 0.0640625
1 0.6125 0.63125 0.10625 0.0671875
6 0.309375 0.60859375 0.103125 0.0625
8 0.0734375 0.6140625 0.13125 0.0703125
10 0.33125 0.66171875 0.1109375 0.0671875
11 0.609375 0.2453125 0.1078125 0.071875
7 0.51015625 0.6203125 0.121875 0.075