5 0.42890625 0.3109375 0.14453125 0.075
2 0.06484375 0.30703125 0.1296875 0.0796875
5 0.64296875 0.31171875 0.1640625 0.078125
0 0.09140625 0.4515625 0.1296875 0.06640625
3 0.65546875 0.4203125 0.121875 0.06875
3 0.44453125 0.43125 0.1296875 0.07109375
1 0.115625 0.58828125 0.13203125 0.0703125
9 0.63984375 0.43515625 0.67890625 0.38671875
4 0.4421875 0.5546875 0.12578125 0.07109375
12 0.87265625 0.30546875 0.16484375 0.0765625
11 0.87890625 0.5421875 0.140625 0.06796875
7 0.67734375 0.55 0.134375 0.07109375
0 0.1046875 0.37890625 0.1234375 0.06875
2 0.09453125 0.2140625 0.13671875 0.0890625
10 0.875 0.41640625 0.1265625 0.06796875