4 0.553125 0.425 0.0890625 0.1265625
5 0.3484375 0.47890625 0.09375 0.134375
4 0.64453125 0.79140625 0.0859375 0.125
4 0.6015625 0.6171875 0.0875 0.11875
5 0.396875 0.6625 0.1015625 0.15625
5 0.4484375 0.85234375 0.0953125 0.1484375
2 0.16328125 0.1890625 0.0984375 0.1359375
9 0.4984375 0.63828125 0.4734375 0.665625
1 0.41953125 0.071875 0.1015625 0.1421875
0 0.4515625 0.4578125 0.0875 0.121875
12 0.2890625 0.78125 0.0984375 0.1359375
6 0.49140625 0.64453125 0.0859375 0.1203125
11 0.47734375 0.14375 0.1 0.1453125
10 0.546875 0.83671875 0.0890625 0.128125
7 0.25078125 0.128125 0.1046875 0.15
8 0.20625 0.4640625 0.090625 0.125