2 0.92265625 0.42421875 0.09765625 0.053125
3 0.51796875 0.5015625 0.08671875 0.0484375
9 0.5234375 0.51171875 0.471875 0.2671875
5 0.521875 0.42578125 0.11796875 0.05546875
3 0.66640625 0.5078125 0.09296875 0.05
4 0.67421875 0.59375 0.09296875 0.05078125
5 0.675 0.42578125 0.10703125 0.05390625
1 0.89765625 0.6125 0.103125 0.05
0 0.90703125 0.5203125 0.0921875 0.04453125
12 0.36484375 0.42578125 0.10390625 0.05390625
8 0.89453125 0.3625 0.1015625 0.05546875
11 0.36328125 0.590625 0.0875 0.0484375
10 0.359375 0.503125 0.0921875 0.05
6 0.8921875 0.4703125 0.08671875 0.0453125
7 0.51171875 0.5921875 0.0859375 0.04765625