3 0.5296875 0.54140625 0.05625 0.10859375
3 0.5375 0.36015625 0.05546875 0.1
5 0.45859375 0.16484375 0.0609375 0.11796875
3 0.55390625 0.1890625 0.05625 0.1046875
5 0.45078125 0.34765625 0.0640625 0.128125
5 0.44140625 0.52421875 0.059375 0.1203125
9 0.54609375 0.353125 0.3265625 0.58828125
12 0.321875 0.4015625 0.06015625 0.11328125
11 0.63359375 0.553125 0.06328125 0.10703125
1 0.65703125 0.1890625 0.06328125 0.11328125
7 0.6453125 0.37578125 0.0625 0.10703125
8 0.33515625 0.09921875 0.06171875 0.1140625