4 0.42265625 0.38125 0.0875 0.04921875
3 0.56875 0.3796875 0.08515625 0.0484375
5 0.70546875 0.371875 0.084375 0.05390625
5 0.71328125 0.45390625 0.09375 0.06015625
9 0.571875 0.45859375 0.46796875 0.2609375
2 0.7015625 0.24296875 0.08359375 0.0453125
0 0.53828125 0.2546875 0.0765625 0.0484375
10 0.59296875 0.53984375 0.0859375 0.04921875
6 0.58828125 0.45859375 0.08203125 0.0453125
1 0.38046875 0.2640625 0.0828125 0.05078125
7 0.43515625 0.46484375 0.08203125 0.04609375
8 0.80546875 0.2515625 0.0921875 0.05234375
12 0.72265625 0.534375 0.0921875 0.05625
11 0.44609375 0.54140625 0.08203125 0.04609375