9 0.52421875 0.4921875 0.578125 0.31484375
5 0.7046875 0.39140625 0.1140625 0.06796875
3 0.52890625 0.39765625 0.10859375 0.0609375
5 0.70078125 0.4953125 0.11640625 0.0765625
5 0.69765625 0.596875 0.10625 0.07265625
1 0.34140625 0.39453125 0.10546875 0.059375
12 0.925 0.5375 0.11328125 0.06640625
6 0.540625 0.49921875 0.11328125 0.059375
11 0.35390625 0.6 0.103125 0.065625
7 0.3453125 0.50234375 0.10390625 0.05859375
8 0.9328125 0.3609375 0.11328125 0.06015625
10 0.5359375 0.6015625 0.09765625 0.059375
2 0.865625 0.2328125 0.0625 0.02265625