2 0.86875 0.35390625 0.125 0.06875
5 0.38203125 0.39765625 0.14375 0.0765625
5 0.56484375 0.38359375 0.128125 0.0703125
1 0.85625 0.58515625 0.1203125 0.0671875
4 0.58203125 0.58671875 0.1109375 0.0671875
9 0.38984375 0.496875 0.6015625 0.359375
0 0.8546875 0.471875 0.1109375 0.059375
3 0.56640625 0.48203125 0.1125 0.0671875
12 0.18671875 0.41171875 0.1390625 0.075
11 0.2046875 0.6140625 0.1234375 0.0671875
8 0.82265625 0.284375 0.1203125 0.075
7 0.38515625 0.60078125 0.1109375 0.065625
6 0.38203125 0.4890625 0.1171875 0.0671875
10 0.19375 0.5046875 0.1125 0.065625