3 0.61328125 0.3828125 0.125 0.0859375
3 0.63671875 0.48203125 0.1234375 0.0859375
4 0.81015625 0.33828125 0.1296875 0.0890625
4 0.82265625 0.45 0.134375 0.0921875
9 0.63671875 0.37890625 0.671875 0.4625
5 0.44765625 0.41953125 0.134375 0.1078125
5 0.46328125 0.52265625 0.1171875 0.0890625
2 0.47890625 0.68203125 0.1203125 0.0890625
0 0.67734375 0.63046875 0.1078125 0.08125
10 0.6 0.27109375 0.1296875 0.09375
1 0.87890625 0.5875 0.13125 0.09375
8 0.34921875 0.690625 0.1234375 0.0890625
12 0.43125 0.309375 0.125 0.0984375
11 0.80703125 0.22890625 0.1203125 0.0859375
6 0.5734375 0.64453125 0.1046875 0.0765625
7 0.77421875 0.6484375 0.11875 0.0859375