0 0.7953125 0.58125 0.1078125 0.05703125
3 0.49453125 0.596875 0.109375 0.059375
4 0.4953125 0.4921875 0.11015625 0.06015625
9 0.3234375 0.596875 0.596875 0.3328125
1 0.7703125 0.465625 0.10859375 0.05546875
11 0.1140625 0.5046875 0.12265625 0.05859375
6 0.3078125 0.61015625 0.10859375 0.06015625
12 0.125 0.70625 0.1421875 0.0671875
2 0.50546875 0.70859375 0.1234375 0.0671875
10 0.12109375 0.61171875 0.109375 0.06015625
8 0.31640625 0.70546875 0.1296875 0.06875
7 0.29296875 0.4984375 0.1140625 0.0578125