9 0.51328125 0.55546875 0.465625 0.328125
2 0.14765625 0.5484375 0.096875 0.0640625
5 0.50078125 0.6296875 0.1109375 0.0703125
0 0.1875 0.4703125 0.0890625 0.059375
4 0.40546875 0.4546875 0.0875 0.0609375
5 0.36796875 0.59765625 0.0984375 0.0640625
3 0.3921875 0.5296875 0.0859375 0.059375
12 0.634375 0.6640625 0.103125 0.0671875
2 0.21640625 0.39296875 0.0921875 0.059375
10 0.6546875 0.5984375 0.09375 0.0640625
11 0.67421875 0.52265625 0.084375 0.0578125
8 0.1640625 0.6078125 0.0921875 0.0671875
7 0.54375 0.48984375 0.0859375 0.059375
6 0.52109375 0.56796875 0.078125 0.05625