5 0.59296875 0.553125 0.1390625 0.071875
5 0.7734375 0.5390625 0.128125 0.0703125
3 0.7546875 0.44453125 0.115625 0.065625
5 0.41796875 0.56640625 0.1265625 0.0671875
9 0.5875 0.45390625 0.5796875 0.35625
10 0.39765625 0.48046875 0.1171875 0.065625
12 0.53828125 0.67890625 0.1140625 0.0703125
1 0.74921875 0.3421875 0.109375 0.0671875
11 0.39296875 0.37890625 0.0984375 0.0609375
8 0.840625 0.65859375 0.1125 0.06875
7 0.56328125 0.3609375 0.1046875 0.065625
6 0.58046875 0.46796875 0.103125 0.0609375