3 0.44921875 0.45625 0.1265625 0.090625
0 0.52734375 0.29921875 0.115625 0.0859375
4 0.6375 0.50546875 0.1296875 0.0921875
2 0.2625 0.4 0.1390625 0.0984375
1 0.73203125 0.36328125 0.1203125 0.0890625
12 0.20546875 0.60859375 0.1375 0.1046875
11 0.55859375 0.709375 0.1234375 0.0953125
10 0.3703125 0.65625 0.1234375 0.0890625
7 0.596875 0.61328125 0.1234375 0.090625
8 0.2359375 0.50546875 0.1375 0.0984375
6 0.39765625 0.55234375 0.115625 0.0828125
9 0.0925497640625 0.621782303125 0.6465514296875 0.7893310796875 0.7780359546875 0.4798574203125 0.1937210625 0.311043953125 0.0925497640625 0.621782303125