4 0.746875 0.5640625 0.10703125 0.06484375
3 0.75546875 0.45078125 0.1046875 0.05859375
4 0.5515625 0.55390625 0.1140625 0.06640625
3 0.57265625 0.44609375 0.1125 0.06171875
5 0.9421875 0.3734375 0.115625 0.0640625
5 0.575 0.3453125 0.125 0.065625
5 0.7609375 0.36015625 0.13984375 0.0703125
3 0.9453125 0.4640625 0.109375 0.059375
2 0.3375 0.3328125 0.1015625 0.06953125
12 0.2640625 0.6234375 0.1296875 0.0671875
9 0.7171875 0.46015625 0.565625 0.36484375
1 0.2546875 0.55859375 0.10703125 0.05625
0 0.31875 0.44765625 0.10546875 0.05625
8 0.34609375 0.25625 0.109375 0.07421875
7 0.28359375 0.503125 0.1203125 0.06796875
11 0.9359375 0.57109375 0.128125 0.0609375
10 0.2328125 0.4 0.11015625 0.06328125
6 0.3296875 0.390625 0.10078125 0.0578125