3 0.4640625 0.4609375 0.0578125 0.0921875
3 0.44375 0.61640625 0.0578125 0.096875
5 0.40859375 0.29296875 0.0640625 0.109375
5 0.38984375 0.4453125 0.06875 0.1234375
3 0.4890625 0.31484375 0.059375 0.0953125
9 0.47421875 0.46015625 0.33125 0.515625
5 0.3703125 0.59921875 0.0625 0.1125
1 0.575 0.3234375 0.0625 0.0984375
7 0.55234375 0.48359375 0.059375 0.09375
2 0.3578125 0.03203125 0.065625 0.0640625
0 0.5015625 0.028125 0.053125 0.05625
12 0.2796875 0.490625 0.0671875 0.103125
10 0.421875 0.02734375 0.05625 0.0546875
6 0.58359375 0.04609375 0.0546875 0.0828125
11 0.5296875 0.63046875 0.0578125 0.0984375
8 0.31171875 0.2328125 0.0625 0.096875