4 0.621875 0.375 0.0828125 0.128125
4 0.634375 0.58671875 0.0796875 0.121875
4 0.64609375 0.77578125 0.075 0.1203125
5 0.3921875 0.384375 0.0796875 0.1390625
5 0.43359375 0.784375 0.0765625 0.1453125
5 0.41484375 0.58984375 0.0828125 0.159375
9 0.528125 0.5765625 0.4234375 0.6671875
0 0.50390625 0.3890625 0.0765625 0.121875
8 0.35 0.03203125 0.0765625 0.046875
12 0.28671875 0.67578125 0.084375 0.1359375
6 0.5125 0.59296875 0.078125 0.125
2 0.246875 0.059375 0.084375 0.084375
10 0.53203125 0.79296875 0.0796875 0.134375
11 0.59921875 0.05703125 0.0828125 0.1140625
8 0.2484375 0.33828125 0.0828125 0.125