4 0.30078125 0.57890625 0.178125 0.121875
5 0.815625 0.70390625 0.1796875 0.1328125
2 0.85625 0.52578125 0.19375 0.121875
3 0.5609375 0.65078125 0.1734375 0.1234375
0 0.58203125 0.45234375 0.1546875 0.1109375
5 0.77265625 0.825 0.1703125 0.0984375
1 0.30859375 0.34609375 0.16875 0.11875
4 0.265625 0.709375 0.1546875 0.075
12 0.1546875 0.3203125 0.196875 0.1359375
3 0.54375 0.775 0.159375 0.0828125
6 0.72109375 0.48828125 0.15625 0.1109375
7 0.4484375 0.396875 0.16875 0.11875
8 0.96796875 0.55234375 0.0640625 0.0921875
9 0.9701494046875 0.6532579734375 0.193484171875 0.4625850234375 0.12844568125 0.6915600359375 0.9122455687500001 0.8854975749999999 0.9701494046875 0.6532579734375