9 0.5328125 0.47890625 0.60859375 0.34296875
5 0.3234375 0.5671875 0.13046875 0.06015625
5 0.5125 0.57890625 0.13984375 0.06875
5 0.70625 0.5890625 0.12578125 0.06484375
11 0.3421875 0.36328125 0.10703125 0.06015625
0 0.71015625 0.48671875 0.11640625 0.05859375
10 0.325 0.4734375 0.11484375 0.06015625
12 0.41875 0.70625 0.11640625 0.06484375
6 0.51953125 0.48515625 0.10703125 0.05859375
1 0.73203125 0.378125 0.11640625 0.06484375
7 0.5296875 0.36953125 0.1078125 0.0640625
2 0.9796875 0.69921875 0.03984375 0.03984375
8 0.7859375 0.696875 0.796875 0.703125 0.7984375 0.7109375 0.7890625 0.725 0.784375 0.728125 0.7828125 0.7359375 0.771875 0.746875 0.7703125 0.7546875 0.7609375 0.7625 0.75 0.7625 0.7453125 0.7578125 0.7421875 0.7578125 0.7328125 0.7484375 0.725 0.7453125 0.721875 0.740625 0.71875 0.740625 0.715625 0.7359375 0.7125 0.7359375 0.696875 0.721875 0.69375 0.721875 0.6875 0.715625 0.6859375 0.709375 0.696875 0.7046875 0.721875 0.703125 0.7296875 0.7 0.7421875 0.7015625 0.784375 0.696875