3 0.4421875 0.61953125 0.1140625 0.06875
4 0.6203125 0.62265625 0.1140625 0.0703125
2 0.26171875 0.62734375 0.1203125 0.078125
8 0.246875 0.5234375 0.121875 0.075
12 0.22890625 0.415625 0.121875 0.078125
0 0.48828125 0.76171875 0.09375 0.04375
1 0.68203125 0.76484375 0.1015625 0.0640625
11 0.58125 0.41796875 0.1140625 0.0703125
7 0.6015625 0.51796875 0.115625 0.0703125
6 0.40546875 0.5203125 0.103125 0.0640625
10 0.39296875 0.41484375 0.1078125 0.06875
9 0.6725766609375 0.3598991640625 0.110303553125 0.37246225 0.17093963437499998 0.6798285890625 0.741421971875 0.6817554546875 0.6725766609375 0.3598991640625