3 0.56015625 0.46953125 0.11484375 0.0640625
0 0.521875 0.2984375 0.103125 0.06328125
4 0.365625 0.471875 0.11796875 0.06484375
2 0.7546875 0.46015625 0.12578125 0.0703125
1 0.3078125 0.3109375 0.10703125 0.06484375
12 0.759375 0.6765625 0.121875 0.078125
11 0.3921875 0.6890625 0.109375 0.07109375
10 0.58828125 0.6828125 0.11171875 0.0640625
7 0.37890625 0.58671875 0.1109375 0.065625
8 0.7546875 0.56875 0.1234375 0.0703125
6 0.58671875 0.57578125 0.1046875 0.05859375
9 0.28780625 0.7452827109375 0.8658854171874999 0.71673598125 0.84289375 0.3907523359375 0.2350958328125 0.41319275624999996 0.28780625 0.7452827109375