3 0.60390625 0.61484375 0.06875 0.1234375
5 0.71484375 0.40078125 0.0703125 0.13828125
3 0.6 0.83125 0.06953125 0.13203125
3 0.6 0.409375 0.06875 0.12265625
5 0.709375 0.6140625 0.078125 0.16171875
5 0.70546875 0.8265625 0.071875 0.1515625
9 0.5953125 0.609375 0.3765625 0.65703125
12 0.85625 0.71015625 0.08203125 0.1421875
2 0.83515625 0.05859375 0.08828125 0.11328125
1 0.4796875 0.39921875 0.06640625 0.1234375
7 0.47734375 0.61953125 0.06796875 0.121875
0 0.64375 0.0328125 0.065625 0.065625
6 0.528125 0.0421875 0.06015625 0.0828125
11 0.478125 0.82578125 0.06640625 0.13515625
10 0.75078125 0.04140625 0.0671875 0.08125
8 0.86328125 0.35 0.07890625 0.128125