9 0.4234375 0.484375 0.5609375 0.32890625
2 0.91640625 0.371875 0.12109375 0.06171875
5 0.59609375 0.38046875 0.1234375 0.0625
5 0.41484375 0.38359375 0.12890625 0.0640625
0 0.8859375 0.49375 0.10625 0.05390625
3 0.5828125 0.48046875 0.10625 0.0578125
12 0.2296875 0.38515625 0.13046875 0.06171875
8 0.8734375 0.29609375 0.11640625 0.07109375
11 0.2234375 0.5796875 0.11171875 0.0546875
4 0.5875 0.58671875 0.11015625 0.06015625
7 0.39296875 0.5828125 0.10859375 0.0578125
1 0.8703125 0.61171875 0.10859375 0.05703125
10 0.2265625 0.475 0.1078125 0.0578125
6 0.40078125 0.471875 0.1015625 0.05625