3 0.55546875 0.5765625 0.059375 0.1046875
4 0.45546875 0.7734375 0.06015625 0.11015625
4 0.43359375 0.40234375 0.065625 0.11328125
4 0.4453125 0.596875 0.06484375 0.1078125
3 0.53984375 0.39296875 0.059375 0.1109375
3 0.56171875 0.76875 0.05703125 0.11015625
9 0.5421875 0.56796875 0.353125 0.61875
0 0.55625 0.1109375 0.0578125 0.1046875
2 0.64921875 0.375 0.06953125 0.12265625
12 0.66015625 0.753125 0.07109375 0.13515625
11 0.41953125 0.1046875 0.06953125 0.13203125
8 0.65390625 0.5640625 0.0703125 0.128125
7 0.496875 0.1328125 0.07421875 0.14296875
10 0.5359375 0.02734375 0.05703125 0.053125
6 0.59140625 0.03046875 0.0578125 0.0609375