9 0.528125 0.3953125 0.3359375 0.571875
3 0.52265625 0.24296875 0.059375 0.1046875
3 0.53671875 0.57578125 0.05625 0.1078125
5 0.61640625 0.38984375 0.06875 0.1296875
3 0.53359375 0.4015625 0.0546875 0.0984375
5 0.61953125 0.56171875 0.0640625 0.125
5 0.61328125 0.2203125 0.0609375 0.1109375
11 0.43828125 0.58046875 0.059375 0.103125
12 0.73828125 0.4421875 0.065625 0.1125
1 0.42734375 0.2453125 0.0609375 0.109375
8 0.73359375 0.15546875 0.06875 0.1171875
7 0.43203125 0.41796875 0.059375 0.1015625