9 0.43984375 0.50625 0.3265625 0.5296875
3 0.3484375 0.5171875 0.0625 0.0890625
3 0.52421875 0.5078125 0.0578125 0.0921875
3 0.4390625 0.51875 0.05625 0.0890625
2 0.6625 0.79453125 0.0640625 0.1078125
5 0.34296875 0.6546875 0.06875 0.0953125
0 0.6921875 0.5578125 0.0578125 0.0875
5 0.43203125 0.6546875 0.0734375 0.1046875
5 0.52109375 0.65703125 0.0640625 0.096875
12 0.38359375 0.85 0.065625 0.1015625
6 0.6890625 0.40703125 0.0546875 0.0859375
11 0.35625 0.3625 0.0609375 0.0890625
0 0.53828125 0.3546875 0.059375 0.09375
8 0.5359375 0.8421875 0.0578125 0.1
10 0.67890625 0.690625 0.05625 0.0859375
7 0.44453125 0.35625 0.0578125 0.0921875