4 0.44921875 0.44453125 0.090625 0.13125
4 0.34375 0.47578125 0.090625 0.1234375
3 0.61015625 0.6140625 0.096875 0.1328125
3 0.38828125 0.67421875 0.0953125 0.128125
9 0.50078125 0.63203125 0.4953125 0.7125
3 0.503125 0.65 0.090625 0.125
4 0.5671875 0.4125 0.0953125 0.134375
0 0.78984375 0.62734375 0.0859375 0.125
7 0.7546875 0.51796875 0.1140625 0.16875
12 0.43515625 0.85625 0.1171875 0.159375
11 0.73515625 0.36875 0.0828125 0.1453125
2 0.6625 0.81875 0.1109375 0.1578125
8 0.54765625 0.83359375 0.1125 0.1546875