4 0.4453125 0.5859375 0.0734375 0.121875
4 0.5609375 0.6140625 0.0796875 0.1265625
3 0.47421875 0.38046875 0.0734375 0.1171875
4 0.34140625 0.55859375 0.0765625 0.1171875
3 0.359375 0.359375 0.0796875 0.1171875
3 0.5796875 0.4171875 0.0734375 0.115625
9 0.47265625 0.396875 0.4125 0.6859375
0 0.74765625 0.3984375 0.071875 0.1140625
11 0.73125 0.65 0.0875 0.1390625
7 0.72578125 0.5078125 0.0984375 0.146875
2 0.60859375 0.2125 0.0859375 0.134375
12 0.38203125 0.17265625 0.090625 0.1390625
8 0.49296875 0.196875 0.0921875 0.1390625