3 0.5203125 0.34375 0.0734375 0.1078125
3 0.42109375 0.34765625 0.078125 0.1140625
5 0.6390625 0.19453125 0.0859375 0.115625
5 0.53828125 0.1875 0.090625 0.125
5 0.4359375 0.175 0.0828125 0.1171875
9 0.5171875 0.3609375 0.3953125 0.6078125
3 0.625 0.34921875 0.0765625 0.1125
1 0.4 0.52265625 0.0734375 0.1109375
11 0.60625 0.52578125 0.071875 0.10625
7 0.5046875 0.52734375 0.0734375 0.1078125
0 0.24921875 0.28359375 0.0234375 0.08125
6 0.234375 0.45625 0.04375 0.0984375
2 0.29453125 0.025 0.0359375 0.05