5 0.2953125 0.39609375 0.115625 0.071875
3 0.47578125 0.40546875 0.109375 0.0640625
5 0.3 0.6046875 0.109375 0.0765625
5 0.29609375 0.5015625 0.11875 0.0796875
9 0.475 0.503125 0.5890625 0.328125
12 0.07109375 0.53828125 0.121875 0.071875
1 0.66328125 0.4078125 0.109375 0.0625
6 0.45703125 0.50859375 0.1125 0.0625
11 0.64609375 0.61484375 0.10625 0.06875
2 0.12734375 0.22890625 0.084375 0.0296875
7 0.65703125 0.51640625 0.1078125 0.0609375
10 0.46328125 0.6125 0.1 0.0609375
8 0.06640625 0.3609375 0.1140625 0.0625