9 0.50390625 0.6796875 0.5234375 0.640625
3 0.5375 0.5515625 0.1 0.1421875
4 0.37265625 0.75234375 0.0984375 0.1359375
4 0.4109375 0.53125 0.1046875 0.146875
3 0.50625 0.759375 0.09375 0.134375
3 0.465625 0.94921875 0.0875 0.1015625
4 0.34609375 0.93125 0.0828125 0.103125
0 0.63984375 0.21953125 0.09375 0.1359375
1 0.54375 0.07578125 0.11875 0.1515625
2 0.66875 0.57578125 0.1125 0.1625
7 0.56171875 0.2328125 0.1234375 0.1875
11 0.47265625 0.17265625 0.1140625 0.171875
10 0.6484375 0.08203125 0.09375 0.13125
12 0.58203125 0.9515625 0.1046875 0.096875
8 0.625 0.7875 0.1140625 0.16875
6 0.715625 0.10234375 0.096875 0.14375