3 0.50703125 0.37734375 0.071875 0.0984375
3 0.5953125 0.39453125 0.06875 0.0921875
3 0.41875 0.3703125 0.0734375 0.1015625
5 0.5328125 0.2421875 0.0890625 0.1140625
5 0.44609375 0.2203125 0.0828125 0.109375
5 0.62109375 0.2625 0.0796875 0.1046875
9 0.496875 0.3953125 0.3890625 0.55
1 0.38203125 0.5265625 0.0734375 0.1
2 0.33046875 0.05390625 0.053125 0.09375
8 0.4578125 0.04140625 0.071875 0.0828125
11 0.56171875 0.5484375 0.06875 0.09375
12 0.6078125 0.065625 0.0765625 0.1140625
0 0.26796875 0.29296875 0.040625 0.0875
7 0.47578125 0.53984375 0.0703125 0.096875
6 0.2390625 0.446875 0.0515625 0.0890625
10 0.30234375 0.15703125 0.0453125 0.0984375