2 0.56640625 0.50625 0.17890625 0.0890625
0 0.1765625 0.4671875 0.16171875 0.0828125
12 0.61171875 0.69375 0.18046875 0.10859375
1 0.353125 0.71640625 0.20390625 0.11875
11 0.8875 0.50703125 0.20546875 0.10703125
7 0.28828125 0.37890625 0.20234375 0.10859375
8 0.1109375 0.56015625 0.2015625 0.0859375
10 0.51875 0.3375 0.53125 0.340625 0.559375 0.3578125 0.559375 0.3609375 0.56875 0.371875 0.5703125 0.3875 0.5625 0.4046875 0.5578125 0.409375 0.5546875 0.409375 0.5515625 0.4140625 0.528125 0.4234375 0.5140625 0.425 0.475 0.4234375 0.471875 0.4203125 0.4609375 0.41875 0.453125 0.4140625 0.4375 0.409375 0.4234375 0.396875 0.421875 0.390625 0.41875 0.3890625 0.4171875 0.3671875 0.425 0.3546875 0.453125 0.340625 0.4859375 0.3359375 0.5171875 0.3375
6 0.765625 0.3015625 0.7921875 0.3078125 0.815625 0.3203125 0.81875 0.3265625 0.8234375 0.3296875 0.825 0.346875 0.821875 0.35625 0.81875 0.3578125 0.815625 0.3640625 0.796875 0.3796875 0.778125 0.3890625 0.7625 0.390625 0.728125 0.3890625 0.71875 0.384375 0.7125 0.384375 0.690625 0.3734375 0.678125 0.3609375 0.675 0.3515625 0.675 0.3390625 0.678125 0.3296875 0.68125 0.328125 0.684375 0.321875 0.709375 0.3078125 0.7375 0.3015625 0.7640625 0.3015625
4 0 0 0.121875 0 0.125 0.003125 0.1265625 0.0328125 0.1296875 0.034375 0.1296875 0.0671875 0.121875 0.075 0.115625 0.075 0.10625 0.0796875 0.0578125 0.08125 0.0390625 0.084375 0.0046875 0.084375 0.003125 0.08125 0.003125 0.040625 0 0.0390625 0 0.0015625
4 0.26875 0 0.403125 0 0.4046875 0.003125 0.4109375 0.003125 0.415625 0.00625 0.4140625 0.0390625 0.4171875 0.0453125 0.4140625 0.0546875 0.409375 0.05625 0.3953125 0.0578125 0.38125 0.05625 0.365625 0.0609375 0.3390625 0.0609375 0.321875 0.065625 0.31875 0.0640625 0.3125 0.065625 0.2796875 0.0640625 0.278125 0.0609375 0.275 0.0609375 0.2734375 0.0484375 0.2703125 0.046875 0.2703125 0.025 0.2671875 0.01875 0.26875 0.0171875 0.2671875 0.0140625 0.26875 0.0015625
4 0.534375 0 0.68125 0 0.6828125 0.003125 0.6890625 0.0046875 0.6890625 0.0265625 0.68125 0.0328125 0.65 0.0328125 0.6328125 0.0375 0.6078125 0.0375 0.60625 0.0390625 0.5953125 0.0375 0.584375 0.0421875 0.5421875 0.0421875 0.534375 0.034375 0.5328125 0.0234375 0.5296875 0.021875 0.528125 0.0046875 0.534375 0.0015625