5 0.44140625 0.41328125 0.13515625 0.0640625
5 0.61796875 0.41640625 0.12421875 0.059375
5 0.2578125 0.41015625 0.12265625 0.06171875
9 0.43046875 0.51484375 0.5625 0.32265625
3 0.26875 0.51015625 0.1109375 0.05859375
11 0.62578125 0.60703125 0.09453125 0.05625
1 0.2625 0.61484375 0.11015625 0.06171875
12 0.51171875 0.28984375 0.11015625 0.0625
8 0.20078125 0.28203125 0.10859375 0.0640625
10 0.628125 0.5046875 0.10390625 0.0546875
6 0.446875 0.5015625 0.0984375 0.05390625
7 0.4546875 0.6109375 0.10234375 0.0578125