9 0.4640625 0.46796875 0.4296875 0.6875
4 0.36953125 0.2734375 0.0765625 0.11875
4 0.4765625 0.27578125 0.075 0.1234375
5 0.328125 0.64765625 0.090625 0.125
5 0.43828125 0.665625 0.0984375 0.1359375
5 0.54921875 0.6875 0.090625 0.1296875
4 0.59609375 0.2828125 0.0828125 0.1328125
2 0.7140625 0.9171875 0.0578125 0.13125
12 0.36640625 0.89375 0.0796875 0.1265625
0 0.56640625 0.4890625 0.0796875 0.121875
11 0.77734375 0.2984375 0.0828125 0.1484375
6 0.45 0.49296875 0.0734375 0.1140625
10 0.3390625 0.47421875 0.0828125 0.121875
8 0.5546875 0.93359375 0.084375 0.1328125