3 0.184375 0.6109375 0.134375 0.084375
5 0.41328125 0.6703125 0.1671875 0.1
5 0.21484375 0.70625 0.153125 0.0921875
4 0.353125 0.4578125 0.1234375 0.0859375
3 0.5796875 0.52890625 0.1328125 0.0859375
4 0.559375 0.41484375 0.13125 0.0890625
5 0.615625 0.6359375 0.1484375 0.0921875
3 0.38671875 0.5734375 0.125 0.084375
9 0.39375 0.55703125 0.7078125 0.4703125
2 0.871875 0.57890625 0.128125 0.0921875
0 0.8421875 0.46171875 0.128125 0.0796875
1 0.86171875 0.33046875 0.140625 0.0875
12 0.83125 0.2734375 0.153125 0.096875
7 0.85859375 0.3953125 0.1375 0.0875
8 0.88984375 0.659375 0.13125 0.1015625
11 0.15390625 0.49921875 0.1421875 0.0875
10 0.9421875 0.4890625 0.115625 0.0875
6 0.853125 0.521875 0.121875 0.0796875