5 0.65078125 0.7046875 0.05625 0.1078125
3 0.5703125 0.53828125 0.05 0.090625
5 0.64765625 0.54609375 0.059375 0.1171875
3 0.5640625 0.69296875 0.053125 0.096875
3 0.56796875 0.378125 0.0515625 0.0984375
9 0.56015625 0.54296875 0.290625 0.5140625
5 0.64453125 0.38671875 0.0546875 0.1140625
1 0.47421875 0.69609375 0.0546875 0.0984375
7 0.47578125 0.5296875 0.0515625 0.09375
6 0.50625 0.96953125 0.046875 0.0609375
12 0.75625 0.484375 0.059375 0.0984375
11 0.4796875 0.375 0.046875 0.0859375
2 0.7375 0.96484375 0.0546875 0.0625
10 0.675 0.97421875 0.05 0.046875
8 0.7609375 0.75234375 0.05625 0.09375