3 0.48125 0.55234375 0.0546875 0.0921875
5 0.4015625 0.546875 0.0640625 0.1203125
5 0.4 0.38671875 0.05625 0.1015625
3 0.48515625 0.39921875 0.05625 0.096875
5 0.4046875 0.7125 0.059375 0.1171875
3 0.48515625 0.7171875 0.053125 0.103125
2 0.3109375 0.1140625 0.0625 0.10625
9 0.4890625 0.55078125 0.3046875 0.5234375
0 0.453125 0.09609375 0.0515625 0.096875
12 0.29140625 0.61015625 0.059375 0.1015625
1 0.57578125 0.396875 0.05625 0.096875
10 0.3734375 0.10078125 0.0515625 0.09375
11 0.5765625 0.71953125 0.0546875 0.1015625
2 0.28671875 0.33671875 0.0609375 0.096875
6 0.5390625 0.1203125 0.0484375 0.090625
7 0.578125 0.5625 0.05625 0.0953125