5 0.11875 0.4359375 0.2375 0.15625
5 0.7703125 0.28359375 0.2453125 0.1625
5 0.43984375 0.36015625 0.275 0.1734375
11 0.15390625 0.796875 0.2125 0.15
3 0.7875 0.46875 0.2265625 0.153125
12 0.26171875 0.165625 0.234375 0.16875
7 0.48359375 0.73359375 0.2125 0.1578125
1 0.840625 0.6625 0.2234375 0.1671875
10 0.1265625 0.60390625 0.2203125 0.1453125
8 0.8109375 0.05625 0.20625 0.1125
6 0.4625 0.525 0.2140625 0.1484375
9 1 0.5008014171874999 0.9202626468749999 0.1345949984375 0 0.3389179625 0 0.4926428078125 0.08081062812499999 0.9069970921875001 1 0.7466296046875 1 0.5008014171874999