3 0.29921875 0.4234375 0.125 0.0796875
3 0.67265625 0.34375 0.121875 0.075
5 0.63671875 0.2578125 0.140625 0.084375
4 0.52265625 0.4875 0.11875 0.08125
3 0.478125 0.38046875 0.115625 0.075
4 0.325 0.53046875 0.128125 0.084375
5 0.44765625 0.29140625 0.1546875 0.0890625
5 0.2578125 0.325 0.14375 0.0859375
9 0.4734375 0.39921875 0.678125 0.4421875
1 0.05625 0.60625 0.1 0.0796875
12 0.078125 0.66640625 0.1234375 0.084375
2 0.034375 0.378125 0.06875 0.078125
0 0.0546875 0.4890625 0.109375 0.075
7 0.05 0.54765625 0.1 0.0765625
6 0.04765625 0.43203125 0.0953125 0.0734375
8 0.028125 0.3046875 0.05625 0.090625
11 0.70625 0.44609375 0.128125 0.0796875