3 0.49140625 0.36796875 0.10390625 0.05859375
5 0.6578125 0.36171875 0.10859375 0.065625
5 0.65390625 0.45859375 0.11171875 0.07578125
4 0.31640625 0.36328125 0.10390625 0.059375
9 0.4859375 0.46015625 0.54296875 0.3
6 0.50625 0.4625 0.1015625 0.0546875
10 0.50234375 0.56015625 0.09765625 0.05625
12 0.6515625 0.55625 0.10390625 0.065625
1 0.2734375 0.23203125 0.09453125 0.02734375
0 0.46796875 0.22890625 0.08125 0.0203125
11 0.32734375 0.559375 0.0984375 0.05703125
7 0.3234375 0.46640625 0.09921875 0.05546875
8 0.78046875 0.23515625 0.084375 0.02890625