3 0.675 0.4421875 0.13125 0.06953125
5 0.25390625 0.54296875 0.14765625 0.0671875
5 0.465625 0.55 0.1578125 0.075
5 0.68046875 0.55859375 0.14609375 0.071875
9 0.484375 0.43828125 0.6671875 0.38203125
1 0.6953125 0.31953125 0.1296875 0.0734375
11 0.25625 0.315625 0.134375 0.0703125
10 0.25 0.43828125 0.1359375 0.0703125
12 0.3671875 0.690625 0.13828125 0.075
7 0.465625 0.315625 0.11953125 0.071875
6 0.46328125 0.446875 0.11484375 0.06328125
8 0.7796875 0.6734375 0.7859375 0.6796875 0.784375 0.696875 0.7796875 0.7 0.7765625 0.709375 0.771875 0.7125 0.7578125 0.734375 0.7515625 0.740625 0.7453125 0.7421875 0.728125 0.740625 0.71875 0.7359375 0.7078125 0.725 0.7 0.721875 0.6828125 0.7078125 0.6796875 0.7078125 0.6765625 0.703125 0.6734375 0.703125 0.6671875 0.696875 0.665625 0.6875 0.66875 0.684375 0.68125 0.68125 0.7078125 0.68125 0.725 0.6765625 0.746875 0.6765625 0.7609375 0.675 0.76875 0.671875 0.778125 0.6734375