5 0.36484375 0.3703125 0.0875 0.1140625
5 0.46328125 0.3421875 0.09375 0.125
3 0.4921875 0.49609375 0.0796875 0.1140625
3 0.5890625 0.4828125 0.0796875 0.1109375
5 0.55859375 0.315625 0.0859375 0.115625
9 0.503125 0.51015625 0.4171875 0.6125
2 0.684375 0.10703125 0.0640625 0.1203125
1 0.63203125 0.65859375 0.078125 0.1125
11 0.4328125 0.69609375 0.08125 0.1078125
8 0.53984375 0.09296875 0.078125 0.121875
12 0.378125 0.14375 0.08125 0.11875
0 0.7546875 0.38515625 0.040625 0.090625
10 0.39375 0.521875 0.0765625 0.10625
7 0.52890625 0.68125 0.075 0.1078125
6 0.7859375 0.5578125 0.0484375 0.09375