3 0.459375 0.46640625 0.0484375 0.0875
5 0.38359375 0.4609375 0.05625 0.1125
5 0.38125 0.3078125 0.0515625 0.1015625
3 0.46328125 0.3171875 0.05 0.090625
3 0.4609375 0.6234375 0.0484375 0.09375
5 0.3859375 0.61640625 0.053125 0.1046875
9 0.46796875 0.4640625 0.2828125 0.490625
2 0.29453125 0.04765625 0.0578125 0.0875
1 0.55078125 0.315625 0.0515625 0.0921875
0 0.43359375 0.03046875 0.0484375 0.0609375
7 0.54921875 0.4765625 0.0484375 0.0875
12 0.27890625 0.521875 0.0578125 0.09375
8 0.27578125 0.2625 0.0546875 0.0921875
6 0.51953125 0.03671875 0.0453125 0.0734375
11 0.54765625 0.62578125 0.0484375 0.0953125
10 0.35625 0.0359375 0.05 0.0671875