3 0.503125 0.56953125 0.096875 0.0546875
4 0.49921875 0.4828125 0.09375 0.0546875
9 0.65390625 0.575 0.5015625 0.2921875
5 0.65078125 0.659375 0.121875 0.0625
5 0.49140625 0.65546875 0.10625 0.05625
1 0.27265625 0.4578125 0.096875 0.053125
2 0.23125 0.65 0.103125 0.059375
0 0.25859375 0.55234375 0.0921875 0.0515625
12 0.81484375 0.665625 0.121875 0.0609375
10 0.81796875 0.58515625 0.0984375 0.0546875
7 0.66640625 0.48828125 0.096875 0.053125
6 0.65859375 0.58125 0.0890625 0.05
11 0.81953125 0.49375 0.1 0.0515625
8 0.2640625 0.71484375 0.1 0.0625