9 0.39453125 0.66796875 0.390625 0.6171875
4 0.3125 0.48515625 0.0703125 0.10625
4 0.409375 0.49140625 0.06875 0.1109375
5 0.26875 0.828125 0.084375 0.115625
5 0.475 0.8625 0.0828125 0.1203125
5 0.3734375 0.8453125 0.09375 0.128125
4 0.51640625 0.50078125 0.0734375 0.115625
7 0.6796875 0.90234375 0.0890625 0.1453125
1 0.72578125 0.590625 0.0921875 0.1421875
11 0.68046875 0.5171875 0.084375 0.1265625
0 0.490625 0.6828125 0.0734375 0.1109375
6 0.3859375 0.68359375 0.0734375 0.1125
10 0.28125 0.665625 0.08125 0.11875