3 0.51171875 0.4921875 0.11015625 0.06015625
4 0.50625 0.60703125 0.10546875 0.0640625
3 0.7 0.49921875 0.12734375 0.06640625
4 0.71015625 0.60859375 0.11875 0.0671875
5 0.70859375 0.39375 0.13671875 0.0671875
5 0.51328125 0.39765625 0.13984375 0.06953125
9 0.5234375 0.5015625 0.59765625 0.34453125
10 0.31640625 0.49453125 0.1140625 0.0625
12 0.31875 0.4 0.13203125 0.06796875
1 0.97265625 0.6390625 0.05390625 0.0640625
11 0.31796875 0.60546875 0.11484375 0.06328125
0 0.978125 0.5125 0.04375 0.0546875
8 0.9640625 0.30625 0.06953125 0.065625
6 0.97109375 0.44609375 0.0578125 0.05859375