3 0.7265625 0.64375 0.11015625 0.0625
3 0.73515625 0.540625 0.10859375 0.05859375
3 0.73203125 0.43671875 0.11796875 0.065625
9 0.7046875 0.53046875 0.590625 0.3234375
2 0.9328125 0.43203125 0.13203125 0.07734375
12 0.90234375 0.64609375 0.12734375 0.078125
11 0.5359375 0.65078125 0.1015625 0.06796875
1 0.53125 0.43671875 0.1109375 0.0671875
7 0.53046875 0.55078125 0.10546875 0.0640625
8 0.9171875 0.53984375 0.12890625 0.07421875
11 0.5359375 0.6234375 0.09375 0.02421875
2 0.88203125 0.43359375 0.03515625 0.07109375