5 0.6359375 0.8828125 0.1015625 0.140625
3 0.540625 0.6890625 0.0828125 0.1203125
3 0.42734375 0.66328125 0.090625 0.1328125
5 0.51328125 0.87421875 0.109375 0.1484375
5 0.39296875 0.86875 0.0953125 0.1390625
3 0.6625 0.6953125 0.090625 0.125
9 0.534375 0.6609375 0.45 0.678125
11 0.68828125 0.48515625 0.0921875 0.125
1 0.4484375 0.45546875 0.0859375 0.125
0 0.20234375 0.7140625 0.0546875 0.121875
7 0.575 0.4671875 0.0859375 0.1265625
6 0.23671875 0.51015625 0.0640625 0.115625
10 0.18125 0.8984375 0.059375 0.125