3 0.58515625 0.54453125 0.1265625 0.0859375
3 0.2046875 0.475 0.128125 0.0859375
3 0.4 0.50703125 0.1234375 0.0859375
9 0.4109375 0.5171875 0.69375 0.4984375
4 0.58984375 0.659375 0.1359375 0.096875
4 0.3875 0.621875 0.1234375 0.090625
5 0.221875 0.38046875 0.140625 0.0921875
5 0.6046875 0.44140625 0.1421875 0.096875
5 0.4125 0.4109375 0.153125 0.1015625
12 0.865625 0.796875 0.15 0.1
7 0.87109375 0.6671875 0.1453125 0.096875
0 0.8421875 0.60078125 0.125 0.0828125
1 0.890625 0.734375 0.1328125 0.0890625
2 0.846875 0.48046875 0.125 0.09375
8 0.85390625 0.39921875 0.1328125 0.0984375
6 0.8421875 0.540625 0.121875 0.0828125
10 0.93828125 0.5734375 0.1234375 0.0875
11 0.19609375 0.58828125 0.1328125 0.0890625