3 0.5375 0.47890625 0.11953125 0.065625
4 0.55 0.60390625 0.11484375 0.06953125
5 0.7359375 0.37421875 0.1421875 0.06953125
4 0.33046875 0.61171875 0.1265625 0.0734375
5 0.52890625 0.3734375 0.15703125 0.07578125
5 0.3203125 0.37265625 0.14140625 0.07109375
3 0.334375 0.48984375 0.12421875 0.06875
9 0.5234375 0.49375 0.659375 0.378125
12 0.04296875 0.7109375 0.08515625 0.078125
0 0.05625 0.51015625 0.11171875 0.06484375
7 0.04296875 0.57734375 0.08515625 0.06875
10 0.74921875 0.475 0.12265625 0.0671875
11 0.75546875 0.596875 0.13046875 0.06640625
2 0.053125 0.38046875 0.10625 0.0703125
1 0.03359375 0.6421875 0.06640625 0.0640625
8 0.05234375 0.2890625 0.10390625 0.08984375