4 0.67734375 0.2421875 0.096875 0.1296875
4 0.62109375 0.45546875 0.103125 0.140625
5 0.44609375 0.19375 0.1125 0.1703125
5 0.38984375 0.39765625 0.1015625 0.1484375
4 0.715625 0.07421875 0.0796875 0.08125
9 0.54453125 0.29375 0.5046875 0.5875
7 0.278125 0.8 0.1171875 0.165625
1 0.47109375 0.87109375 0.1171875 0.1671875
11 0.53828125 0.7796875 0.115625 0.1625
12 0.32734375 0.078125 0.1109375 0.15625
0 0.50703125 0.41796875 0.0953125 0.13125
6 0.5515625 0.2078125 0.1 0.1421875
8 0.23203125 0.42109375 0.1015625 0.140625
2 0.17890625 0.728125 0.121875 0.1578125