3 0.35546875 0.74921875 0.090625 0.1375
4 0.58046875 0.3796875 0.0953125 0.1390625
4 0.52421875 0.5890625 0.0953125 0.1296875
3 0.46640625 0.35 0.0921875 0.134375
3 0.4078125 0.5421875 0.090625 0.1296875
4 0.47109375 0.77734375 0.0921875 0.1359375
9 0.41875 0.534375 0.5203125 0.746875
0 0.5125 0.05546875 0.084375 0.1109375
2 0.3546875 0.296875 0.1046875 0.1484375
11 0.65859375 0.08203125 0.09375 0.128125
12 0.2484375 0.70859375 0.10625 0.159375
7 0.571875 0.08671875 0.1125 0.171875
8 0.303125 0.49921875 0.103125 0.1453125