4 0.6703125 0.39140625 0.09296875 0.05234375
9 0.5265625 0.47734375 0.4859375 0.2734375
3 0.66953125 0.47734375 0.0890625 0.0484375
0 0.9109375 0.46171875 0.09453125 0.046875
2 0.9390625 0.55625 0.10078125 0.04921875
1 0.8953125 0.3671875 0.096875 0.04765625
12 0.37734375 0.5671875 0.103125 0.0515625
5 0.68515625 0.559375 0.1046875 0.04921875
11 0.359375 0.40390625 0.09140625 0.04921875
10 0.36640625 0.49140625 0.08984375 0.0484375
7 0.5078125 0.3984375 0.08671875 0.0484375
8 0.52890625 0.56328125 0.1078125 0.0515625
6 0.52109375 0.4890625 0.08125 0.0453125