9 0.43359375 0.4484375 0.36875 0.6609375
2 0.74296875 0.875 0.075 0.1421875
5 0.5390625 0.6515625 0.0765625 0.1234375
5 0.3125 0.63125 0.08125 0.1203125
4 0.4203125 0.24296875 0.065625 0.1203125
4 0.540625 0.24609375 0.0703125 0.1265625
4 0.31484375 0.24453125 0.0671875 0.1171875
5 0.4265625 0.64375 0.0859375 0.1328125
12 0.37890625 0.89140625 0.071875 0.1296875
11 0.7234375 0.25390625 0.084375 0.1453125
7 0.75625 0.678125 0.0625 0.1421875
8 0.57421875 0.91328125 0.06875 0.1265625
0 0.53671875 0.45390625 0.06875 0.1171875
6 0.421875 0.45703125 0.075 0.1265625
10 0.3046875 0.45078125 0.0671875 0.109375