9 0.4625 0.46953125 0.409375 0.6765625
4 0.36171875 0.278125 0.0734375 0.1171875
4 0.46875 0.2765625 0.071875 0.121875
5 0.33359375 0.653125 0.0875 0.1234375
5 0.44375 0.66796875 0.09375 0.1328125
5 0.55625 0.6859375 0.0859375 0.1265625
4 0.58828125 0.2796875 0.0796875 0.13125
2 0.728125 0.909375 0.053125 0.1296875
12 0.38046875 0.8984375 0.0765625 0.1234375
0 0.56640625 0.48671875 0.0765625 0.11875
11 0.7703125 0.2890625 0.078125 0.1453125
6 0.44921875 0.49453125 0.06875 0.1125
10 0.3375 0.4796875 0.0796875 0.1203125
8 0.56953125 0.9328125 0.0796875 0.134375