9 0.4546875 0.6953125 0.40625 0.609375
3 0.45234375 0.54296875 0.075 0.12890625
4 0.571875 0.7734375 0.07421875 0.12265625
4 0.58046875 0.54921875 0.07890625 0.13359375
3 0.43984375 0.75234375 0.0703125 0.121875
3 0.4390625 0.95078125 0.06796875 0.09765625
4 0.5609375 0.95390625 0.065625 0.0921875
0 0.42109375 0.196875 0.06953125 0.12421875
1 0.5453125 0.071875 0.090625 0.14375
2 0.31953125 0.5390625 0.084375 0.14765625
7 0.4953125 0.22578125 0.08984375 0.171875
11 0.59453125 0.18515625 0.0828125 0.1578125
10 0.44140625 0.06015625 0.07109375 0.11875
12 0.32265625 0.94140625 0.0828125 0.11640625
8 0.31796875 0.75546875 0.0828125 0.15546875
6 0.371875 0.06640625 0.07109375 0.13203125