0 0.465625 0.25 0.10234375 0.0625
4 0.296875 0.42109375 0.121875 0.065625
3 0.4953125 0.42421875 0.11796875 0.065625
5 0.68359375 0.4171875 0.12109375 0.07265625
1 0.24609375 0.25703125 0.10859375 0.06953125
2 0.6890625 0.24296875 0.11484375 0.04921875
9 0.4875 0.52890625 0.61796875 0.33984375
12 0.6859375 0.63984375 0.11953125 0.078125
11 0.3078125 0.64453125 0.11328125 0.0703125
7 0.30234375 0.53828125 0.1171875 0.06484375
6 0.5140625 0.53125 0.11328125 0.0625
8 0.68671875 0.52734375 0.12109375 0.06953125
10 0.51171875 0.64296875 0.1140625 0.06484375