3 0.52265625 0.60546875 0.1015625 0.059375
3 0.36171875 0.6 0.0984375 0.0578125
4 0.54375 0.70078125 0.10625 0.065625
2 0.7953125 0.50546875 0.1046875 0.0609375
9 0.37265625 0.60859375 0.55625 0.3421875
12 0.18125 0.51796875 0.1203125 0.0640625
5 0.52265625 0.51328125 0.1140625 0.0640625
5 0.3578125 0.51484375 0.1328125 0.0703125
0 0.79375 0.61484375 0.0984375 0.05625
1 0.79921875 0.7203125 0.1109375 0.06875
11 0.19921875 0.70078125 0.1078125 0.065625
6 0.7703125 0.55859375 0.0921875 0.053125
8 0.75390625 0.43828125 0.1078125 0.0640625
10 0.1890625 0.60234375 0.1046875 0.059375
7 0.3640625 0.7015625 0.109375 0.065625