3 0.575 0.75 0.078125 0.125
4 0.4234375 0.55234375 0.0875 0.1375
3 0.55234375 0.54296875 0.08125 0.13125
4 0.44296875 0.77578125 0.0796875 0.1234375
3 0.58515625 0.94765625 0.0734375 0.1
4 0.4625 0.95390625 0.071875 0.0921875
0 0.56328125 0.19453125 0.078125 0.128125
9 0.54921875 0.690625 0.4390625 0.61875
1 0.43046875 0.07421875 0.0984375 0.1453125
2 0.68515625 0.5328125 0.0875 0.146875
7 0.4921875 0.2265625 0.1 0.1765625
12 0.6984375 0.93125 0.0859375 0.1203125
10 0.53359375 0.059375 0.0765625 0.11875
8 0.69140625 0.740625 0.09375 0.1640625
6 0.5875 0.0015625 0.590625 0 0.6203125 0 0.621875 0.0015625 0.63125 0.015625 0.6328125 0.0265625 0.6390625 0.0390625 0.6390625 0.0625 0.640625 0.0640625 0.640625 0.071875 0.6359375 0.0859375 0.6375 0.09375 0.63125 0.10625 0.628125 0.1078125 0.61875 0.121875 0.6109375 0.1234375 0.609375 0.1265625 0.6015625 0.1265625 0.5984375 0.1234375 0.5890625 0.121875 0.5828125 0.115625 0.5765625 0.103125 0.5765625 0.096875 0.571875 0.090625 0.56875 0.0640625 0.5734375 0.0375 0.571875 0.0265625 0.5875 0.003125
11 0.3859375 0.121875 0.3890625 0.1265625 0.3921875 0.1265625 0.4046875 0.1359375 0.4078125 0.1359375 0.409375 0.1390625 0.4234375 0.1453125 0.4296875 0.1578125 0.428125 0.19375 0.4234375 0.2125 0.421875 0.2359375 0.41875 0.2421875 0.4203125 0.2484375 0.4171875 0.2625 0.4125 0.265625 0.403125 0.2625 0.4015625 0.259375 0.390625 0.253125 0.3828125 0.2515625 0.3796875 0.246875 0.371875 0.2453125 0.36875 0.240625 0.3609375 0.2390625 0.359375 0.2359375 0.35625 0.2359375 0.353125 0.2296875 0.3515625 0.2140625 0.3546875 0.20625 0.35625 0.1828125 0.3609375 0.1609375 0.359375 0.1578125 0.3625 0.1484375 0.3625 0.1375 0.365625 0.1328125 0.3640625 0.1296875 0.365625 0.121875 0.36875 0.115625 0.378125 0.1171875 0.38125 0.121875 0.384375 0.121875