3 0.58046875 0.53359375 0.1109375 0.071875
3 0.75078125 0.5109375 0.115625 0.075
4 0.5984375 0.63671875 0.10625 0.071875
4 0.78046875 0.60859375 0.1171875 0.078125
9 0.59375 0.540625 0.5875 0.3953125
5 0.390625 0.48125 0.13125 0.0765625
5 0.5671875 0.44765625 0.140625 0.0859375
5 0.73984375 0.41484375 0.128125 0.0796875
10 0.403125 0.565625 0.109375 0.0703125
0 0.9625 0.4828125 0.075 0.065625
2 0.946875 0.3859375 0.0875 0.0609375
6 0.95703125 0.43125 0.084375 0.065625
8 0.93203125 0.31015625 0.096875 0.08125
7 0.9765625 0.5375 0.046875 0.065625
12 0.9875 0.63828125 0.025 0.0609375
11 0.428125 0.6671875 0.10625 0.071875