4 0.40390625 0.46875 0.13359375 0.071875
3 0.64296875 0.58515625 0.1296875 0.06953125
3 0.625 0.46796875 0.13203125 0.0734375
5 0.840625 0.45859375 0.13203125 0.0796875
5 0.8375 0.5796875 0.13828125 0.0921875
0 0.5859375 0.27109375 0.11796875 0.07265625
2 0.8453125 0.25703125 0.14609375 0.07421875
9 0.6203125 0.57734375 0.703125 0.37734375
1 0.34375 0.28515625 0.1234375 0.07421875
6 0.71484375 0.27890625 0.1203125 0.06875
12 0.846875 0.7078125 0.13671875 0.08828125
7 0.41484375 0.5984375 0.12578125 0.0734375
10 0.6515625 0.70859375 0.125 0.07109375
11 0.4265625 0.71171875 0.12109375 0.078125
8 0.965625 0.275 0.065625 0.07578125
11 0.796875 0.7078125 0.028125 0.07734375