9 0.45859375 0.46640625 0.35703125 0.65078125
4 0.4453125 0.271875 0.06328125 0.11875
4 0.3390625 0.2828125 0.06484375 0.1125
4 0.565625 0.26484375 0.0703125 0.12421875
5 0.34375 0.6609375 0.075 0.1140625
5 0.45546875 0.665625 0.0875 0.128125
5 0.56953125 0.671875 0.078125 0.12265625
11 0.74921875 0.2578125 0.07265625 0.14765625
12 0.41328125 0.903125 0.0765625 0.13125
0 0.56171875 0.47421875 0.06796875 0.115625
2 0.7609375 0.87578125 0.04453125 0.1359375
6 0.446875 0.490625 0.0671875 0.115625
8 0.60625 0.91953125 0.06953125 0.13125
10 0.3328125 0.4875 0.06640625 0.11015625