3 0.4359375 0.60390625 0.0734375 0.11875
3 0.403125 0.42734375 0.0703125 0.1109375
5 0.28671875 0.2734375 0.075 0.134375
5 0.33984375 0.63828125 0.078125 0.128125
5 0.3125 0.45546875 0.0828125 0.1453125
9 0.4171875 0.43203125 0.4140625 0.6578125
2 0.2875 0.9640625 0.090625 0.071875
0 0.45703125 0.96484375 0.0703125 0.0703125
1 0.540625 0.5796875 0.078125 0.125
12 0.184375 0.41875 0.08125 0.121875
11 0.471875 0.2109375 0.071875 0.1296875
6 0.5609375 0.940625 0.071875 0.115625
7 0.50546875 0.38515625 0.075 0.1265625
10 0.37109375 0.23984375 0.06875 0.1140625
8 0.22421875 0.728125 0.0875 0.1125