5 0.659375 0.36171875 0.11640625 0.06875
3 0.48359375 0.36875 0.10703125 0.06015625
5 0.65703125 0.4640625 0.1171875 0.0765625
5 0.65078125 0.56484375 0.103125 0.0703125
9 0.4796875 0.46171875 0.56953125 0.31328125
1 0.29765625 0.3671875 0.1109375 0.0609375
6 0.49921875 0.46875 0.10390625 0.05625
11 0.31171875 0.5703125 0.0984375 0.06171875
12 0.875 0.50625 0.1125 0.0640625
10 0.49296875 0.57109375 0.09765625 0.05703125
7 0.30390625 0.47421875 0.10390625 0.05703125
8 0.8875 0.33125 0.11171875 0.0609375