9 0.4234375 0.51484375 0.5765625 0.353125
3 0.58671875 0.5109375 0.115625 0.065625
2 0.91953125 0.6046875 0.125 0.0703125
4 0.5875 0.40625 0.1109375 0.065625
5 0.6046875 0.6109375 0.1296875 0.0703125
0 0.88671875 0.484375 0.1109375 0.0609375
12 0.23515625 0.625 0.1359375 0.06875
2 0.86796875 0.36640625 0.115625 0.0640625
5 0.42109375 0.6171875 0.1359375 0.071875
11 0.22109375 0.43203125 0.115625 0.059375
8 0.8828125 0.68203125 0.121875 0.0765625
10 0.228125 0.53515625 0.10625 0.0609375
6 0.40390625 0.52890625 0.1015625 0.059375
7 0.38984375 0.41953125 0.1109375 0.0625