9 0.33828125 0.46953125 0.56484375 0.31640625
2 0.82265625 0.36015625 0.1125 0.059375
0 0.79921875 0.47578125 0.10703125 0.05546875
5 0.33828125 0.3703125 0.1296875 0.06328125
1 0.78828125 0.5875 0.1109375 0.05625
5 0.51640625 0.36875 0.11953125 0.059375
3 0.5078125 0.46484375 0.10546875 0.05703125
4 0.515625 0.5671875 0.1046875 0.059375
12 0.14609375 0.371875 0.1359375 0.06484375
11 0.14453125 0.565625 0.11640625 0.05546875
8 0.78046875 0.2875 0.1078125 0.06796875
7 0.31953125 0.565625 0.11015625 0.05625
10 0.14609375 0.4609375 0.11328125 0.059375
6 0.325 0.4578125 0.1 0.05546875