3 0.60703125 0.4203125 0.06875 0.10625
3 0.6296875 0.59296875 0.065625 0.1109375
5 0.66953125 0.22421875 0.0734375 0.125
5 0.68984375 0.39921875 0.0796875 0.1375
3 0.5765625 0.253125 0.06875 0.1125
9 0.5953125 0.4125 0.3796875 0.59375
5 0.7125 0.57265625 0.071875 0.1296875
1 0.47890625 0.26796875 0.0703125 0.1125
7 0.50703125 0.44765625 0.06875 0.109375
11 0.534375 0.61015625 0.06875 0.1140625
12 0.8171875 0.44765625 0.078125 0.1171875
8 0.765625 0.1015625 0.8015625 0.1140625 0.8078125 0.1234375 0.8109375 0.1359375 0.809375 0.1453125 0.8015625 0.153125 0.7984375 0.1671875 0.7875 0.1875 0.7875 0.1921875 0.7828125 0.1984375 0.7765625 0.2015625 0.76875 0.2 0.76875 0.19375 0.7640625 0.1859375 0.7640625 0.178125 0.7609375 0.175 0.7609375 0.165625 0.7578125 0.1625 0.7578125 0.1546875 0.7546875 0.1515625 0.7484375 0.121875 0.7453125 0.1171875 0.7453125 0.1109375 0.7515625 0.1046875 0.7640625 0.1015625