3 0.4375 0.45625 0.1546875 0.0953125
4 0.4265625 0.590625 0.15 0.0984375
4 0.184375 0.55859375 0.1375 0.0921875
5 0.46953125 0.3296875 0.165625 0.0984375
5 0.23515625 0.30546875 0.1828125 0.10625
3 0.21171875 0.41953125 0.1390625 0.090625
2 0.765625 0.3671875 0.1359375 0.1
9 0.303125 0.44453125 0.60625 0.4890625
7 0.775 0.584375 0.15 0.0953125
0 0.75 0.509375 0.1421875 0.0859375
12 0.759375 0.73515625 0.16875 0.1046875
5 0.053125 0.28828125 0.06875 0.078125
8 0.7765625 0.271875 0.15 0.115625
1 0.7890625 0.66171875 0.1484375 0.09375
6 0.75703125 0.4375 0.1375 0.0875