4 0.64296875 0.2234375 0.06171875 0.1140625
4 0.53203125 0.2328125 0.05625 0.10703125
5 0.434375 0.59375 0.07109375 0.1078125
9 0.540625 0.40859375 0.32421875 0.5890625
5 0.64609375 0.5984375 0.071875 0.11171875
5 0.53828125 0.5953125 0.0765625 0.1203125
4 0.43359375 0.24375 0.0578125 0.10390625
0 0.640625 0.41484375 0.06484375 0.10625
6 0.5359375 0.43203125 0.0609375 0.1046875
10 0.428125 0.43046875 0.059375 0.1
12 0.49921875 0.8234375 0.06796875 0.115625
8 0.703125 0.7734375 0.709375 0.7875 0.709375 0.803125 0.70625 0.8109375 0.70625 0.8234375 0.7015625 0.840625 0.7015625 0.853125 0.696875 0.865625 0.6953125 0.8828125 0.6921875 0.8890625 0.6875 0.8890625 0.6828125 0.884375 0.6828125 0.8796875 0.6734375 0.865625 0.6546875 0.825 0.65 0.8203125 0.646875 0.803125 0.65 0.796875 0.6640625 0.790625 0.665625 0.7875 0.6921875 0.778125 0.696875 0.7734375 0.7015625 0.7734375