5 0.86328125 0.44453125 0.1859375 0.10625
5 0.60625 0.39765625 0.203125 0.11875
5 0.34921875 0.34765625 0.184375 0.109375
9 0.56328125 0.528125 0.871875 0.575
0 0.33203125 0.48828125 0.165625 0.1015625
12 0.75390625 0.2453125 0.178125 0.1171875
11 0.8140625 0.71953125 0.1796875 0.109375
1 0.28671875 0.63515625 0.1625 0.10625
6 0.58984375 0.52265625 0.15 0.0953125
7 0.5625 0.6796875 0.159375 0.109375
10 0.8484375 0.57421875 0.1671875 0.1015625
8 0.3140625 0.103125 0.3328125 0.1203125 0.34375 0.1359375 0.353125 0.1421875 0.3890625 0.1796875 0.390625 0.19375 0.3828125 0.1984375 0.3796875 0.196875 0.371875 0.2 0.3578125 0.196875 0.3515625 0.1984375 0.3046875 0.196875 0.290625 0.19375 0.2796875 0.196875 0.246875 0.1921875 0.246875 0.1890625 0.2421875 0.1859375 0.24375 0.1828125 0.2390625 0.178125 0.2390625 0.165625 0.240625 0.1625 0.2453125 0.1609375 0.246875 0.1546875 0.25 0.1546875 0.2546875 0.15 0.2546875 0.146875 0.2625 0.140625 0.2625 0.1375 0.265625 0.1375 0.26875 0.13125 0.275 0.128125 0.278125 0.121875 0.2828125 0.11875 0.284375 0.1125 0.290625 0.109375 0.29375 0.1046875 0.3 0.1015625 0.3125 0.103125