4 0.35390625 0.675 0.13125 0.075
4 0.59140625 0.67265625 0.1234375 0.07109375
4 0.80078125 0.66875 0.12578125 0.06796875
2 0.3578125 0.41796875 0.14765625 0.07421875
9 0.57265625 0.54765625 0.7078125 0.40234375
0 0.36640625 0.54609375 0.14140625 0.07421875
12 0.825 0.42734375 0.16953125 0.07734375
11 0.05078125 0.38125 0.1015625 0.0875
6 0.59609375 0.53828125 0.13984375 0.0734375
1 0.01796875 0.6828125 0.03515625 0.06796875
8 0.58984375 0.4234375 0.15703125 0.07421875
10 0.8234375 0.5421875 0.1390625 0.0703125