0 0.4265625 0.74140625 0.1109375 0.078125
4 0.28671875 0.54609375 0.13125 0.084375
3 0.48359375 0.57421875 0.1265625 0.0828125
5 0.66875 0.61015625 0.13125 0.090625
1 0.2109375 0.7 0.11875 0.0859375
2 0.646875 0.78359375 0.121875 0.0671875
9 0.4921875 0.46953125 0.6640625 0.4328125
12 0.70546875 0.390625 0.1296875 0.0953125
11 0.3328125 0.32734375 0.1234375 0.0875
7 0.3109375 0.43125 0.1265625 0.0828125
6 0.51875 0.47109375 0.121875 0.0796875
8 0.6890625 0.50234375 0.13125 0.0875
10 0.53359375 0.3609375 0.1234375 0.08125