4 0.5265625 0.76171875 0.0578125 0.103125
4 0.44453125 0.73046875 0.0609375 0.096875
4 0.6171875 0.7953125 0.0640625 0.103125
9 0.55546875 0.62265625 0.3453125 0.5578125
5 0.48828125 0.43828125 0.0703125 0.0984375
5 0.6640625 0.48984375 0.0671875 0.1015625
5 0.57578125 0.46484375 0.0765625 0.109375
0 0.63828125 0.6375 0.065625 0.096875
10 0.4640625 0.571875 0.0609375 0.09375
6 0.5546875 0.5984375 0.05625 0.0890625
12 0.5703125 0.2671875 0.065625 0.1015625
8 0.734375 0.2640625 0.7421875 0.2640625 0.74375 0.2734375 0.7421875 0.28125 0.7453125 0.290625 0.74375 0.296875 0.7453125 0.346875 0.74375 0.35 0.7375 0.353125 0.7359375 0.35625 0.73125 0.35625 0.7203125 0.34375 0.7140625 0.3421875 0.69375 0.3234375 0.6953125 0.3125 0.7 0.309375 0.703125 0.3015625 0.7140625 0.2921875 0.71875 0.2828125 0.734375 0.265625