4 0.49453125 0.52578125 0.0859375 0.121875
5 0.69453125 0.57734375 0.0875 0.13125
4 0.5359375 0.340625 0.0796875 0.109375
4 0.57421875 0.17421875 0.078125 0.1140625
5 0.728125 0.39375 0.0953125 0.1515625
5 0.76484375 0.215625 0.0875 0.1421875
9 0.6296875 0.3734375 0.44375 0.63125
2 0.7296875 0.9203125 0.1015625 0.134375
1 0.45 0.91328125 0.1 0.146875
11 0.43046875 0.8125 0.0921875 0.140625
12 0.86796875 0.34921875 0.09375 0.134375
7 0.6234375 0.93203125 0.103125 0.1359375
8 0.8109375 0.65859375 0.0921875 0.121875
0 0.5984375 0.490625 0.6 0.4921875 0.60625 0.490625 0.61875 0.496875 0.625 0.5046875 0.625 0.509375 0.6296875 0.51875 0.6265625 0.5375 0.628125 0.54375 0.625 0.5578125 0.61875 0.5671875 0.61875 0.571875 0.615625 0.5734375 0.615625 0.5765625 0.6078125 0.5859375 0.5921875 0.5953125 0.5828125 0.59375 0.5828125 0.590625 0.5765625 0.5875 0.571875 0.578125 0.5671875 0.5609375 0.5703125 0.53125 0.578125 0.515625 0.578125 0.5109375 0.596875 0.4921875
6 0.6609375 0.3140625 0.671875 0.3296875 0.6703125 0.33125 0.675 0.340625 0.675 0.353125 0.66875 0.3828125 0.653125 0.40625 0.65 0.40625 0.6453125 0.4109375 0.640625 0.4109375 0.6390625 0.4140625 0.6375 0.4125 0.63125 0.4140625 0.6296875 0.4109375 0.625 0.4109375 0.61875 0.403125 0.6171875 0.390625 0.6140625 0.3859375 0.6171875 0.3671875 0.615625 0.3625 0.61875 0.359375 0.625 0.3359375 0.63125 0.3265625 0.6359375 0.325 0.6390625 0.3203125 0.6421875 0.3203125 0.6453125 0.315625 0.65 0.315625 0.653125 0.3125 0.659375 0.3140625
10 0.6828125 0.1265625 0.6890625 0.125 0.6953125 0.1265625 0.7015625 0.1296875 0.7015625 0.1328125 0.7078125 0.1390625 0.70625 0.140625 0.7109375 0.15 0.709375 0.184375 0.7015625 0.2 0.7015625 0.2046875 0.6984375 0.20625 0.6921875 0.2203125 0.675 0.23125 0.659375 0.2265625 0.6578125 0.225 0.659375 0.2234375 0.6546875 0.2203125 0.6546875 0.215625 0.6515625 0.2125 0.653125 0.2078125 0.6515625 0.1859375 0.6546875 0.178125 0.65625 0.1640625 0.659375 0.1609375 0.6609375 0.1515625 0.66875 0.1375 0.6828125 0.128125