4 0.73671875 0.42421875 0.0875 0.1265625
4 0.63046875 0.38828125 0.0890625 0.1328125
4 0.515625 0.35078125 0.0953125 0.140625
5 0.6484375 0.80234375 0.103125 0.1328125
5 0.42109375 0.75546875 0.1 0.134375
5 0.53515625 0.7765625 0.1125 0.146875
9 0.57890625 0.5734375 0.4953125 0.7234375
2 0.17578125 0.88125 0.1 0.13125
11 0.33359375 0.3 0.10625 0.1484375
7 0.19921875 0.70859375 0.096875 0.1640625
1 0.27109375 0.36015625 0.0921875 0.1625
0 0.471875 0.55625 0.0921875 0.128125
10 0.696875 0.6296875 0.0921875 0.1265625
6 0.58046875 0.603125 0.096875 0.134375
12 0.53046875 0.97578125 0.0859375 0.0484375
8 0.33828125 0.94921875 0.0765625 0.0640625