4 0.58203125 0.60078125 0.0953125 0.065625
4 0.43125 0.584375 0.0875 0.0609375
3 0.578125 0.684375 0.0890625 0.059375
3 0.43671875 0.67265625 0.0875 0.059375
9 0.44375 0.6671875 0.525 0.353125
5 0.5828125 0.7625 0.1046875 0.0671875
5 0.28828125 0.72890625 0.1078125 0.06875
5 0.43984375 0.7453125 0.1125 0.0734375
2 0.765625 0.77890625 0.1 0.065625
1 0.79375 0.609375 0.103125 0.0640625
12 0.784375 0.56640625 0.10625 0.065625
0 0.76171875 0.69140625 0.090625 0.0578125
8 0.76875 0.8375 0.0953125 0.0703125
7 0.78203125 0.653125 0.0921875 0.059375
10 0.284375 0.65703125 0.096875 0.065625
11 0.28828125 0.571875 0.0953125 0.0640625
6 0.7640625 0.73671875 0.0859375 0.05625