3 0.49296875 0.46328125 0.10546875 0.0578125
3 0.67109375 0.4609375 0.115625 0.06171875
4 0.6890625 0.35390625 0.11796875 0.06640625
3 0.3078125 0.45859375 0.10703125 0.05546875
9 0.50390625 0.4546875 0.571875 0.32890625
4 0.4953125 0.35390625 0.1015625 0.06015625
5 0.3109375 0.54765625 0.12109375 0.059375
5 0.49453125 0.5546875 0.13828125 0.065625
5 0.675 0.56171875 0.121875 0.0640625
2 0.909375 0.5625 0.10703125 0.06640625
0 0.92109375 0.45234375 0.1109375 0.05625
12 0.9515625 0.275 0.09609375 0.06953125
8 0.90546875 0.6375 0.11171875 0.0703125
7 0.9453125 0.396875 0.10703125 0.06484375
6 0.91171875 0.50703125 0.103125 0.05625
1 0.9625 0.33828125 0.075 0.05859375
11 0.31171875 0.353125 0.115625 0.059375
10 0.97578125 0.49375 0.0453125 0.05859375