9 0.24609375 0.5625 0.4921875 0.5046875
3 0.31484375 0.5640625 0.1640625 0.09375
3 0.06484375 0.58671875 0.11875 0.090625
4 0.04921875 0.4203125 0.0984375 0.090625
5 0.33515625 0.71875 0.1796875 0.0984375
5 0.08515625 0.72421875 0.1546875 0.1015625
4 0.31796875 0.40859375 0.1625 0.0984375
12 0.7125 0.27421875 0.184375 0.109375
0 0.6828125 0.53359375 0.153125 0.0875
1 0.74140625 0.3609375 0.1640625 0.096875
2 0.68828125 0.69765625 0.1453125 0.103125
7 0.71796875 0.446875 0.1640625 0.0953125
6 0.68359375 0.61640625 0.15 0.0875
8 0.69375 0.80859375 0.1578125 0.11875