3 0.46484375 0.53984375 0.059375 0.09375
3 0.4421875 0.384375 0.059375 0.096875
5 0.4125 0.70859375 0.065625 0.109375
5 0.39140625 0.55625 0.0703125 0.1234375
3 0.4921875 0.6859375 0.0609375 0.0953125
9 0.475 0.540625 0.3390625 0.51875
5 0.36875 0.403125 0.0640625 0.1125
1 0.578125 0.675 0.0625 0.0984375
7 0.55234375 0.515625 0.0609375 0.09375
2 0.36640625 0.96875 0.0671875 0.0625
0 0.51015625 0.97109375 0.0546875 0.0578125
12 0.28046875 0.51328125 0.06875 0.103125
10 0.43046875 0.97265625 0.0578125 0.0546875
6 0.59140625 0.95234375 0.05625 0.0828125
11 0.52734375 0.36875 0.059375 0.0984375
8 0.31640625 0.7703125 0.0640625 0.0984375