3 0.440625 0.42734375 0.0828125 0.05625
4 0.30078125 0.4578125 0.090625 0.0578125
3 0.459375 0.50078125 0.084375 0.05625
5 0.559375 0.40234375 0.1 0.0734375
9 0.43046875 0.43125 0.490625 0.3265625
4 0.32890625 0.53515625 0.09375 0.0625
5 0.58828125 0.47578125 0.0890625 0.0640625
5 0.528125 0.328125 0.0890625 0.06875
2 0.6171875 0.5625 0.084375 0.0546875
12 0.26796875 0.6578125 0.0875 0.0609375
0 0.478125 0.59609375 0.075 0.053125
8 0.7140625 0.540625 0.0859375 0.05625
10 0.4125 0.35234375 0.090625 0.0625
11 0.271875 0.38515625 0.0875 0.0609375
1 0.34765625 0.64765625 0.0796875 0.0546875
7 0.546875 0.5796875 0.071875 0.05
7 0.41328125 0.6234375 0.0875 0.059375