2 0.90859375 0.36015625 0.125 0.0671875
5 0.5859375 0.38046875 0.1265625 0.065625
5 0.409375 0.390625 0.1375 0.06875
1 0.87578125 0.60234375 0.1171875 0.0640625
3 0.58125 0.48125 0.109375 0.0625
4 0.59140625 0.58671875 0.109375 0.0640625
9 0.4203125 0.4921875 0.5734375 0.3453125
12 0.21875 0.3984375 0.134375 0.0671875
8 0.86171875 0.28671875 0.115625 0.071875
11 0.22578125 0.59296875 0.1203125 0.0609375
0 0.8875 0.48359375 0.1078125 0.0578125
0 0.22265625 0.48828125 0.1109375 0.0609375
7 0.39453125 0.59140625 0.1125 0.059375
6 0.396875 0.48046875 0.1078125 0.0609375