4 0.48515625 0.5046875 0.0609375 0.10859375
5 0.48125 0.1375 0.06796875 0.1125
4 0.59375 0.5 0.05625 0.10546875
4 0.690625 0.49453125 0.059375 0.1
5 0.5859375 0.14375 0.078125 0.11953125
5 0.690625 0.14765625 0.07109375 0.1078125
9 0.58125 0.3234375 0.32109375 0.58125
1 0.26484375 0.43828125 0.07421875 0.13046875
7 0.271875 0.12734375 0.0734375 0.13828125
0 0.48828125 0.3171875 0.059375 0.10234375
10 0.6984375 0.30859375 0.0609375 0.1
8 0.5828125 0.25625 0.5875 0.2546875 0.6046875 0.25625 0.6140625 0.265625 0.6203125 0.290625 0.61875 0.321875 0.6140625 0.3296875 0.609375 0.3453125 0.6 0.353125 0.584375 0.3515625 0.5828125 0.3484375 0.578125 0.346875 0.56875 0.3296875 0.5640625 0.3109375 0.565625 0.3015625 0.5640625 0.296875 0.5671875 0.2921875 0.56875 0.278125 0.5734375 0.2671875 0.5828125 0.2578125
11 0.3046875 0.45 0.3109375 0.45 0.3125 0.453125 0.3203125 0.4546875 0.3234375 0.459375 0.3265625 0.459375 0.3328125 0.465625 0.340625 0.46875 0.3515625 0.4796875 0.35 0.503125 0.3453125 0.515625 0.3390625 0.5515625 0.334375 0.5609375 0.3234375 0.559375 0.3203125 0.5546875 0.3109375 0.5515625 0.3015625 0.5421875 0.29375 0.5390625 0.284375 0.5265625 0.2890625 0.5109375 0.2890625 0.5 0.29375 0.4890625 0.2953125 0.475 0.2984375 0.4703125 0.2984375 0.4625 0.3046875 0.4515625