4 0.37890625 0.6359375 0.0984375 0.1375
4 0.43046875 0.4234375 0.0953125 0.1296875
4 0.478125 0.2296875 0.09375 0.134375
5 0.69921875 0.2796875 0.103125 0.1609375
5 0.60625 0.69296875 0.0984375 0.1453125
5 0.6515625 0.4859375 0.1078125 0.16875
9 0.540625 0.46015625 0.5125 0.725
12 0.8140625 0.43359375 0.10625 0.146875
8 0.7359375 0.78515625 0.1078125 0.146875
11 0.3140625 0.9234375 0.0953125 0.1046875
0 0.5109375 0.5953125 0.515625 0.596875 0.5265625 0.6109375 0.525 0.615625 0.528125 0.61875 0.53125 0.6328125 0.5296875 0.65625 0.5265625 0.6703125 0.51875 0.6890625 0.515625 0.690625 0.5109375 0.7 0.50625 0.703125 0.50625 0.70625 0.4921875 0.7171875 0.4890625 0.715625 0.484375 0.7171875 0.4734375 0.7125 0.46875 0.70625 0.46875 0.7015625 0.465625 0.7 0.465625 0.6921875 0.4625 0.684375 0.4640625 0.6796875 0.4609375 0.6734375 0.4640625 0.6625 0.4625 0.65625 0.465625 0.64375 0.4703125 0.6359375 0.471875 0.625 0.4796875 0.615625 0.4796875 0.6125 0.496875 0.5984375 0.509375 0.5953125
6 0.553125 0.4 0.5609375 0.3984375 0.571875 0.403125 0.5828125 0.4171875 0.5859375 0.446875 0.578125 0.4796875 0.5703125 0.49375 0.5625 0.5015625 0.5515625 0.50625 0.55 0.5109375 0.53125 0.5078125 0.521875 0.496875 0.5203125 0.490625 0.521875 0.4875 0.51875 0.484375 0.521875 0.475 0.5203125 0.4546875 0.5265625 0.428125 0.5390625 0.409375 0.54375 0.4046875 0.553125 0.4015625
10 0.6015625 0.18125 0.609375 0.18125 0.6171875 0.184375 0.6203125 0.1890625 0.628125 0.19375 0.6265625 0.196875 0.6296875 0.1984375 0.6328125 0.2109375 0.63125 0.225 0.6328125 0.2296875 0.621875 0.2703125 0.6125 0.2890625 0.596875 0.303125 0.5859375 0.303125 0.5734375 0.2984375 0.56875 0.2921875 0.56875 0.2875 0.565625 0.2828125 0.5671875 0.275 0.5640625 0.2703125 0.5671875 0.24375 0.565625 0.2375 0.56875 0.2359375 0.5703125 0.225 0.575 0.2171875 0.575 0.2109375 0.578125 0.2078125 0.5796875 0.1984375 0.5921875 0.1859375 0.6015625 0.1828125