2 0.09453125 0.4890625 0.1375 0.090625
0 0.1453125 0.60390625 0.125 0.08125
1 0.17578125 0.721875 0.134375 0.0890625
12 0.80078125 0.34921875 0.15 0.0953125
2 0.415625 0.42734375 0.1359375 0.0890625
11 0.85234375 0.55234375 0.1265625 0.0859375
9 0.61953125 0.49609375 0.6640625 0.4625
7 0.45859375 0.6375 0.125 0.0859375
3 0.44609375 0.52734375 0.1234375 0.084375
7 0.66484375 0.59375 0.125 0.084375
8 0.60703125 0.38671875 0.1375 0.0921875
10 0.82265625 0.44296875 0.128125 0.0859375
6 0.6328125 0.47890625 0.1140625 0.0796875