3 0.2859375 0.45859375 0.090625 0.05
4 0.28515625 0.53984375 0.0890625 0.05
9 0.41875 0.46015625 0.4671875 0.26875
5 0.41796875 0.38046875 0.1125 0.05625
5 0.2734375 0.38125 0.0984375 0.0515625
2 0.04296875 0.3796875 0.08125 0.0515625
6 0.425 0.45 0.0828125 0.046875
0 0.06171875 0.4703125 0.0875 0.04375
7 0.4359375 0.53671875 0.0828125 0.0484375
10 0.571875 0.45078125 0.084375 0.046875
12 0.56328125 0.3765625 0.096875 0.053125
11 0.57265625 0.5328125 0.0875 0.0484375
1 0.07734375 0.559375 0.0921875 0.0484375
8 0.0609375 0.321875 0.0953125 0.05625