5 0.22890625 0.57734375 0.14375 0.1
5 0.234375 0.31171875 0.1484375 0.0984375
5 0.23359375 0.44609375 0.15625 0.1078125
11 0.66484375 0.628125 0.13125 0.075
1 0.7125 0.3515625 0.146875 0.0890625
7 0.68984375 0.4921875 0.140625 0.084375
10 0.4296875 0.6 0.1265625 0.08125
0 0.46328125 0.33515625 0.1390625 0.0890625
6 0.43515625 0.46640625 0.1265625 0.078125
11 0.01328125 0.478125 0.0265625 0.08125
9 0.8674185156249999 0.27295174218749996 0.1039476765625 0.22135289375 0.08497118125 0.622884609375 0.790626059375 0.6869691515625 0.8674185156249999 0.27295174218749996