3 0.48203125 0.50234375 0.0875 0.0484375
5 0.48125 0.4265625 0.115625 0.05625
2 0.07734375 0.42421875 0.096875 0.053125
5 0.3265625 0.4265625 0.10390625 0.05234375
4 0.3265625 0.59375 0.09140625 0.05078125
9 0.47578125 0.5109375 0.47578125 0.26796875
3 0.33359375 0.50703125 0.09375 0.04921875
1 0.1015625 0.61171875 0.10234375 0.05078125
0 0.09375 0.5203125 0.09296875 0.04453125
8 0.10625 0.36328125 0.0984375 0.05390625
12 0.63828125 0.42421875 0.10625 0.05390625
10 0.63984375 0.50234375 0.09296875 0.05
7 0.4890625 0.5921875 0.08828125 0.0484375
11 0.63515625 0.590625 0.08984375 0.046875
6 0.10546875 0.4703125 0.08515625 0.04453125