1 0.11640625 0.440625 0.11875 0.059375
2 0.38671875 0.678125 0.121875 0.0671875
3 0.4 0.57109375 0.1140625 0.0609375
0 0.10390625 0.55625 0.1171875 0.059375
4 0.3953125 0.465625 0.1140625 0.0640625
12 0.76640625 0.67578125 0.13125 0.0703125
11 0.77265625 0.47421875 0.1109375 0.0609375
7 0.59296875 0.46953125 0.10625 0.059375
8 0.5765625 0.6765625 0.1171875 0.0703125
10 0.771875 0.58125 0.109375 0.0609375
6 0.584375 0.58203125 0.1 0.0578125
9 0.8753948765624999 0.41427914218749995 0.290870553125 0.40173825937499996 0.27662935312500003 0.73988818125 0.8467171015625 0.7375673703125 0.8753948765624999 0.41427914218749995