5 0.33359375 0.43671875 0.15703125 0.08046875
5 0.56796875 0.44296875 0.1734375 0.0828125
5 0.7984375 0.4515625 0.16171875 0.075
1 0.3203125 0.7015625 0.13515625 0.08203125
12 0.675 0.2859375 0.1453125 0.07890625
11 0.796875 0.70078125 0.14296875 0.07578125
0 0.3359375 0.5640625 0.140625 0.07421875
8 0.27734375 0.26796875 0.13828125 0.08125
7 0.56953125 0.70234375 0.1359375 0.08046875
6 0.56953125 0.5578125 0.14453125 0.07890625
10 0.8265625 0.534375 0.853125 0.5421875 0.8609375 0.546875 0.871875 0.559375 0.8703125 0.5828125 0.859375 0.5921875 0.8328125 0.6015625 0.7921875 0.6015625 0.7796875 0.596875 0.7671875 0.596875 0.7609375 0.5921875 0.7546875 0.5921875 0.74375 0.58125 0.740625 0.575 0.740625 0.56875 0.7375 0.5671875 0.740625 0.565625 0.740625 0.5578125 0.74375 0.5515625 0.75625 0.5421875 0.790625 0.5328125 0.825 0.534375