3 0.665625 0.54296875 0.140625 0.0953125
3 0.4609375 0.51328125 0.1265625 0.084375
4 0.47421875 0.3890625 0.125 0.090625
4 0.6921875 0.4234375 0.1390625 0.0953125
9 0.47265625 0.50078125 0.7125 0.496875
5 0.24921875 0.5796875 0.1515625 0.09375
5 0.4515625 0.61953125 0.1625 0.103125
5 0.6546875 0.65859375 0.1515625 0.096875
12 0.965625 0.378125 0.06875 0.096875
0 0.93828125 0.57578125 0.1203125 0.0859375
10 0.25390625 0.47734375 0.13125 0.0875
11 0.2703125 0.35625 0.1375 0.084375
2 0.91484375 0.69921875 0.1140625 0.0875
1 0.97265625 0.4484375 0.0546875 0.075
7 0.95625 0.5109375 0.0875 0.084375
6 0.928125 0.6390625 0.1171875 0.084375
8 0.9015625 0.78828125 0.1171875 0.10625