4 0.609375 0.79296875 0.0703125 0.115625
4 0.60703125 0.57265625 0.075 0.12578125
5 0.3734375 0.784375 0.07734375 0.15703125
5 0.36875 0.57265625 0.0703125 0.13515625
4 0.60625 0.965625 0.065625 0.06796875
9 0.48984375 0.72734375 0.38359375 0.5453125
7 0.35703125 0.15546875 0.08359375 0.14921875
1 0.56171875 0.1328125 0.08203125 0.15234375
11 0.6046875 0.2375 0.08203125 0.14765625
12 0.23046875 0.8703125 0.07734375 0.14765625
0 0.48671875 0.58125 0.06875 0.11796875
6 0.4796875 0.79609375 0.071875 0.128125
8 0.22109375 0.51171875 0.0734375 0.1265625
2 0.24375 0.20078125 0.090625 0.140625