3 0.5140625 0.45390625 0.1046875 0.071875
5 0.49609375 0.5328125 0.1328125 0.0859375
5 0.33671875 0.4984375 0.1171875 0.0796875
9 0.50703125 0.44453125 0.5546875 0.3921875
2 0.075 0.44375 0.1140625 0.078125
4 0.37265625 0.321875 0.1078125 0.075
3 0.36171875 0.4140625 0.10625 0.0734375
1 0.140625 0.24765625 0.1125 0.075
0 0.1109375 0.3453125 0.1078125 0.0703125
12 0.65625 0.56875 0.1265625 0.0796875
10 0.675 0.48984375 0.103125 0.0703125
8 0.09375 0.5140625 0.1125 0.0796875
7 0.53828125 0.3609375 0.1015625 0.071875
11 0.69140625 0.39609375 0.1078125 0.0734375
6 0.11484375 0.40078125 0.0984375 0.0671875