4 0.40390625 0.55703125 0.1640625 0.1
0 0.678125 0.58125 0.1625 0.0984375
11 0.46953125 0.26015625 0.1578125 0.0921875
6 0.73125 0.43359375 0.1609375 0.0953125
2 0.9328125 0.61796875 0.1265625 0.103125
1 0.3125 0.74453125 0.14375 0.0546875
7 0.440625 0.3984375 0.171875 0.10625
8 0.93828125 0.45859375 0.1234375 0.1078125
10 0.75078125 0.28046875 0.1625 0.096875
12 0.96015625 0.30234375 0.0796875 0.1078125
9 1 0.2508327828125 0.322389425 0.2100748296875 0.2314370625 0.6236501453125001 0.9842541109375 0.712771290625 1 0.48759458906250003 1 0.2508327828125