5 0.55390625 0.36640625 0.09140625 0.05703125
3 0.40546875 0.3734375 0.08984375 0.0515625
4 0.25078125 0.37265625 0.09765625 0.05390625
9 0.40234375 0.4546875 0.490625 0.271875
0 0.378125 0.24140625 0.08046875 0.04296875
1 0.20546875 0.2453125 0.08984375 0.0515625
6 0.425 0.45859375 0.0890625 0.04921875
10 0.428125 0.54375 0.0875 0.05
11 0.26875 0.546875 0.08203125 0.04921875
7 0.26171875 0.46484375 0.09296875 0.05
12 0.56328125 0.5375 0.09453125 0.06015625
2 0.55 0.23515625 0.08515625 0.03046875
8 0.55859375 0.453125 0.090625 0.05703125