9 0.53125 0.52890625 0.61015625 0.33984375
3 0.71171875 0.5265625 0.12265625 0.06328125
5 0.33515625 0.63203125 0.13359375 0.0625
5 0.5296875 0.63125 0.146875 0.06875
5 0.72421875 0.63203125 0.13203125 0.06484375
1 0.7171875 0.41796875 0.12109375 0.0640625
10 0.3234375 0.5375 0.1140625 0.06015625
6 0.521875 0.53671875 0.103125 0.0578125
11 0.321875 0.42734375 0.11796875 0.06015625
7 0.51015625 0.42109375 0.1046875 0.059375
12 0.45546875 0.7640625 0.1234375 0.07109375
8 0.7890625 0.76640625 0.13203125 0.07109375