3 0.2546875 0.459375 0.0875 0.04609375
5 0.24609375 0.384375 0.09921875 0.04765625
5 0.3859375 0.38515625 0.103125 0.05078125
4 0.253125 0.5375 0.08515625 0.04453125
9 0.38125 0.46171875 0.43671875 0.2421875
0 0.0390625 0.47265625 0.078125 0.03984375
2 0.03046875 0.38515625 0.06015625 0.04609375
10 0.53125 0.45078125 0.08203125 0.04453125
6 0.390625 0.4515625 0.07890625 0.04375
12 0.52578125 0.38125 0.09453125 0.04765625
11 0.53046875 0.5296875 0.0796875 0.04296875
1 0.04609375 0.55703125 0.08984375 0.0421875
7 0.39765625 0.5328125 0.08046875 0.04375
8 0.04140625 0.32734375 0.0828125 0.0515625