3 0.7265625 0.51484375 0.1234375 0.0640625
9 0.54765625 0.51484375 0.6078125 0.34609375
5 0.7421875 0.62421875 0.13359375 0.06796875
5 0.3484375 0.62265625 0.1328125 0.06328125
5 0.54296875 0.621875 0.1453125 0.06953125
11 0.33125 0.41640625 0.11484375 0.0625
10 0.3375 0.52734375 0.125 0.06484375
1 0.728125 0.403125 0.11640625 0.065625
12 0.4703125 0.7578125 0.12421875 0.06953125
8 0.809375 0.75859375 0.12421875 0.07265625
7 0.52265625 0.40859375 0.1125 0.06328125
6 0.534375 0.52578125 0.10546875 0.05859375