5 0.68203125 0.56484375 0.1328125 0.065625
5 0.48984375 0.57890625 0.14375 0.0734375
5 0.29765625 0.5921875 0.1296875 0.0671875
9 0.46796875 0.478125 0.6109375 0.3609375
0 0.2921875 0.48984375 0.1203125 0.0640625
8 0.2671875 0.73203125 0.121875 0.071875
1 0.26875 0.38125 0.115625 0.0671875
12 0.590625 0.70546875 0.11875 0.06875
10 0.67734375 0.46953125 0.1171875 0.0625
6 0.48359375 0.48515625 0.109375 0.0609375
11 0.65390625 0.36171875 0.1125 0.0625
7 0.46953125 0.3703125 0.1109375 0.065625
2 0.02578125 0.71015625 0.04375 0.046875