1 0.1453125 0.6921875 0.121875 0.0734375
0 0.353125 0.67265625 0.103125 0.065625
11 0.11953125 0.321875 0.1140625 0.0734375
12 0.47734375 0.28515625 0.1125 0.0828125
2 0.56640625 0.65546875 0.1140625 0.0703125
5 0.5 0.38828125 0.1265625 0.0859375
7 0.1359375 0.421875 0.1140625 0.071875
3 0.3375 0.40546875 0.1109375 0.0671875
3 0.34453125 0.50390625 0.1140625 0.0703125
4 0.15703125 0.53125 0.1265625 0.071875
5 0.521875 0.48984375 0.1203125 0.0765625
8 0.46015625 0.64921875 0.1 0.0640625
8 0.6953125 0.61953125 0.1203125 0.071875
10 0.3140625 0.30234375 0.109375 0.071875
9 0.0497832640625 0.608577378125 0.64990920625 0.5255434343750001 0.566292978125 0.22708201562500002 0.015386910937500001 0.284578284375 0.0497832640625 0.608577378125