2 0.90859375 0.52734375 0.115625 0.06875
3 0.61171875 0.47734375 0.109375 0.0671875
0 0.86796875 0.42890625 0.10625 0.0625
5 0.63671875 0.56328125 0.1171875 0.06875
9 0.45859375 0.49375 0.5578125 0.35625
12 0.30390625 0.61171875 0.125 0.071875
4 0.6 0.3859375 0.10625 0.0671875
11 0.26953125 0.43515625 0.1109375 0.0640625
1 0.83984375 0.32890625 0.1046875 0.0625
8 0.4703125 0.5875 0.1140625 0.06875
7 0.4265625 0.41171875 0.103125 0.0640625
10 0.28515625 0.53046875 0.10625 0.0640625
6 0.45234375 0.50859375 0.1 0.0640625