3 0.565625 0.54609375 0.0578125 0.0953125
3 0.54375 0.6984375 0.059375 0.1
5 0.62890625 0.7203125 0.0609375 0.1109375
5 0.64140625 0.55859375 0.0671875 0.1234375
9 0.55546875 0.5484375 0.3265625 0.5265625
3 0.5796875 0.3859375 0.05625 0.0984375
5 0.65703125 0.40234375 0.0625 0.1171875
1 0.4546875 0.6921875 0.0609375 0.0984375
2 0.6859375 0.97578125 0.0625 0.0484375
12 0.75546875 0.5109375 0.0671875 0.1046875
11 0.49296875 0.37578125 0.0578125 0.1015625
7 0.47421875 0.5265625 0.0578125 0.0953125
6 0.45703125 0.96796875 0.053125 0.0625
0 0.621875 0.9828125 0.053125 0.034375
2 0.7296875 0.7796875 0.0640625 0.0984375