9 0.5140625 0.5109375 0.503125 0.3625
4 0.4984375 0.58828125 0.0921875 0.065625
5 0.40078125 0.3953125 0.1078125 0.071875
4 0.35 0.5484375 0.1 0.0703125
5 0.540625 0.43359375 0.121875 0.0796875
5 0.68046875 0.47421875 0.1125 0.071875
3 0.3828125 0.47265625 0.096875 0.0671875
3 0.521875 0.5046875 0.0921875 0.065625
7 0.134375 0.50625 0.0953125 0.065625
2 0.225 0.35078125 0.0921875 0.0671875
7 0.1640625 0.46875 0.1 0.06875
12 0.13359375 0.5546875 0.1078125 0.0703125
6 0.21171875 0.39140625 0.0875 0.0625
0 0.19765625 0.4328125 0.0921875 0.0609375
8 0.24296875 0.2953125 0.096875 0.075
11 0.64140625 0.62734375 0.090625 0.0640625
11 0.66796875 0.5453125 0.0953125 0.0671875