3 0.46875 0.55625 0.08125 0.1140625
3 0.41953125 0.734375 0.0796875 0.1125
5 0.33359375 0.69921875 0.0953125 0.1484375
2 0.3609375 0.17265625 0.0953125 0.125
5 0.375 0.515625 0.084375 0.128125
5 0.290625 0.88203125 0.084375 0.1296875
0 0.525 0.18125 0.0828125 0.1171875
9 0.4375 0.69765625 0.45 0.6046875
1 0.571875 0.5859375 0.084375 0.125
12 0.2015625 0.7265625 0.090625 0.134375
11 0.47578125 0.946875 0.0796875 0.10625
6 0.62109375 0.23046875 0.078125 0.1140625
8 0.27265625 0.42578125 0.0875 0.1140625
7 0.521875 0.784375 0.0859375 0.13125
10 0.37265625 0.92421875 0.08125 0.1203125