9 0.48515625 0.51015625 0.4921875 0.3359375
4 0.4953125 0.58828125 0.0890625 0.0609375
5 0.60625 0.40234375 0.10625 0.0671875
4 0.64609375 0.559375 0.096875 0.0640625
5 0.4640625 0.43125 0.11875 0.071875
5 0.321875 0.46171875 0.1109375 0.065625
3 0.61875 0.48046875 0.0953125 0.0625
3 0.47734375 0.503125 0.090625 0.059375
7 0.8640625 0.53203125 0.09375 0.059375
2 0.78515625 0.3703125 0.0890625 0.0625
7 0.8375 0.4921875 0.0984375 0.0625
12 0.86171875 0.5796875 0.10625 0.0640625
6 0.7953125 0.41171875 0.0859375 0.05625
0 0.80625 0.45390625 0.090625 0.0546875
8 0.77109375 0.31328125 0.09375 0.0703125
11 0.35 0.6171875 0.0875 0.059375
11 0.32890625 0.53359375 0.09375 0.0625