3 0.578125 0.4046875 0.06015625 0.1125
5 0.678125 0.38046875 0.06171875 0.12265625
3 0.590625 0.5859375 0.0609375 0.1078125
5 0.68125 0.56875 0.065625 0.1390625
9 0.575 0.58046875 0.34140625 0.625
5 0.684375 0.75390625 0.0609375 0.13359375
0 0.6 0.0375 0.06015625 0.075
12 0.803125 0.62265625 0.0703125 0.11875
1 0.471875 0.4203125 0.0609375 0.1125
8 0.80390625 0.31015625 0.0765625 0.109375
6 0.49296875 0.05625 0.059375 0.109375
11 0.49296875 0.79296875 0.06328125 0.12890625
7 0.48203125 0.615625 0.0609375 0.115625
2 0.76875 0.05078125 0.078125 0.1
10 0.596875 0.7765625 0.05859375 0.11171875