9 0.43984375 0.590625 0.440625 0.675
3 0.4265625 0.5984375 0.0796875 0.1171875
3 0.4078125 0.41875 0.0796875 0.1203125
5 0.30625 0.41328125 0.0828125 0.1328125
5 0.3359375 0.59921875 0.0921875 0.1515625
5 0.3625 0.778125 0.0828125 0.1359375
2 0.15625 0.10234375 0.1046875 0.1109375
0 0.321875 0.0640625 0.0734375 0.0859375
1 0.51484375 0.4171875 0.0796875 0.1265625
6 0.42890625 0.0609375 0.0765625 0.1171875
12 0.22109375 0.671875 0.0875 0.125
7 0.5390625 0.6125 0.08125 0.1265625
10 0.45234375 0.78828125 0.078125 0.1203125
11 0.55703125 0.7875 0.0828125 0.1375
8 0.16796875 0.3640625 0.0921875 0.1171875