3 0.41015625 0.490625 0.1265625 0.0796875
3 0.6015625 0.4453125 0.1328125 0.08125
3 0.196875 0.52890625 0.1421875 0.0859375
5 0.23359375 0.625 0.15625 0.090625
4 0.57890625 0.334375 0.1328125 0.0859375
4 0.36953125 0.37265625 0.1265625 0.0859375
5 0.43671875 0.58515625 0.1578125 0.0921875
5 0.63515625 0.546875 0.1421875 0.0875
9 0.39921875 0.478125 0.70625 0.4625
7 0.85078125 0.26328125 0.1390625 0.08125
2 0.86640625 0.490625 0.1234375 0.08125
12 0.825 0.2046875 0.146875 0.090625
7 0.84765625 0.3234375 0.1375 0.0796875
0 0.83125 0.3875 0.121875 0.0734375
8 0.87734375 0.565625 0.128125 0.0875
6 0.84140625 0.4421875 0.115625 0.071875
11 0.165625 0.41015625 0.1390625 0.0875
10 0.9265625 0.41015625 0.1203125 0.0765625