5 0.23515625 0.40390625 0.13828125 0.090625
5 0.221875 0.66953125 0.1421875 0.08828125
5 0.23046875 0.53515625 0.14921875 0.096875
11 0.6734375 0.38359375 0.1265625 0.065625
1 0.7015625 0.66328125 0.14140625 0.0796875
7 0.6890625 0.52109375 0.13515625 0.075
10 0.43671875 0.3953125 0.12109375 0.0734375
0 0.4515625 0.66171875 0.134375 0.0796875
6 0.4328125 0.52890625 0.121875 0.0703125
11 0.01171875 0.4875 0.0234375 0.08046875
9 0.085475 0.750341121875 0.8506854171875 0.752125 0.8029604171875 0.3337593453125 0.09455416718750001 0.348463784375 0.085475 0.750341121875