3 0.6265625 0.503125 0.09296875 0.0515625
5 0.77890625 0.49765625 0.09375 0.05859375
0 0.60859375 0.3671875 0.08515625 0.05078125
2 0.78671875 0.35390625 0.09296875 0.05546875
9 0.625 0.5875 0.4984375 0.2703125
5 0.775 0.58671875 0.10234375 0.06875
4 0.4703125 0.50078125 0.090625 0.05078125
1 0.43828125 0.3734375 0.08671875 0.0515625
12 0.77734375 0.68046875 0.10390625 0.06796875
7 0.471875 0.59375 0.0875 0.05078125
10 0.6328125 0.68046875 0.09140625 0.0546875
8 0.89765625 0.3734375 0.1078125 0.05546875
11 0.46953125 0.67890625 0.0875 0.0546875
3 0.6375 0.590625 0.084375 0.04921875