3 0.51484375 0.346875 0.06484375 0.1140625
5 0.41328125 0.15546875 0.07265625 0.1515625
3 0.51328125 0.1546875 0.0640625 0.115625
2 0.28984375 0.6890625 0.075 0.11953125
5 0.4078125 0.353125 0.06796875 0.12265625
0 0.4671875 0.73203125 0.059375 0.11171875
1 0.6296875 0.3578125 0.065625 0.11953125
6 0.57734375 0.715625 0.05859375 0.10703125
9 0.5171875 0.246875 0.37265625 0.4859375
10 0.36796875 0.71328125 0.06171875 0.1109375
12 0.27578125 0.071875 0.071875 0.13359375
8 0.26796875 0.403125 0.06640625 0.11796875
7 0.6359375 0.14921875 0.0671875 0.1265625