9 0.5234375 0.53046875 0.5484375 0.30625
2 0.0609375 0.43828125 0.11796875 0.06015625
0 0.0890625 0.5453125 0.10703125 0.05234375
3 0.36015625 0.5265625 0.10546875 0.05625
5 0.3484375 0.434375 0.1171875 0.059375
12 0.69765625 0.4265625 0.121875 0.06015625
4 0.36015625 0.625 0.103125 0.059375
1 0.103125 0.653125 0.11015625 0.05625
7 0.54453125 0.61796875 0.10390625 0.05625
8 0.51875 0.43046875 0.11640625 0.05859375
10 0.70546875 0.5125 0.1046875 0.05703125
11 0.7125 0.6125 0.109375 0.05546875
6 0.53046875 0.5140625 0.09375 0.053125