2 0.89453125 0.4046875 0.12578125 0.06640625
0 0.86875 0.528125 0.115625 0.05859375
1 0.86328125 0.65 0.12421875 0.0640625
12 0.17421875 0.41484375 0.1390625 0.0671875
2 0.5671875 0.41171875 0.12578125 0.06484375
11 0.16640625 0.62421875 0.11640625 0.0625
9 0.38203125 0.52109375 0.60625 0.34375
7 0.56875 0.62578125 0.11484375 0.0640625
3 0.55859375 0.515625 0.1125 0.06171875
7 0.35859375 0.62578125 0.1140625 0.06171875
8 0.371875 0.41171875 0.12578125 0.06796875
10 0.17265625 0.5109375 0.11796875 0.06328125
6 0.365625 0.50703125 0.1046875 0.05859375