3 0.41640625 0.33828125 0.09453125 0.05390625
5 0.56953125 0.41953125 0.10078125 0.065625
4 0.26015625 0.3359375 0.0984375 0.05390625
3 0.43203125 0.421875 0.08828125 0.04921875
5 0.56640625 0.3328125 0.09296875 0.0578125
4 0.26796875 0.4265625 0.09140625 0.04765625
5 0.56953125 0.5078125 0.09140625 0.06171875
9 0.4140625 0.41875 0.48671875 0.2703125
10 0.43359375 0.5109375 0.0859375 0.0515625
0 0.39375 0.2359375 0.078125 0.03359375
11 0.2703125 0.509375 0.09140625 0.05
2 0.5515625 0.2359375 0.065625 0.034375
8 0.65703125 0.2359375 0.07265625 0.03359375
6 0.475 0.23515625 0.07890625 0.03359375
12 0.14921875 0.2328125 0.07734375 0.028125
7 0.30859375 0.23203125 0.08203125 0.02578125
1 0.22890625 0.228125 0.075 0.01875