3 0.40859375 0.30703125 0.0625 0.11328125
3 0.40234375 0.49453125 0.0609375 0.1078125
3 0.40390625 0.69140625 0.059375 0.1125
5 0.3 0.2953125 0.06171875 0.125
5 0.3046875 0.49140625 0.0703125 0.14140625
5 0.30703125 0.68828125 0.06484375 0.12890625
9 0.41171875 0.4890625 0.34453125 0.60625
1 0.51796875 0.30390625 0.0640625 0.1171875
12 0.171875 0.565625 0.0734375 0.12109375
7 0.51796875 0.5078125 0.06015625 0.10859375
11 0.5125 0.6921875 0.059375 0.11953125
8 0.1890625 0.1796875 0.196875 0.1859375 0.1984375 0.2015625 0.19375 0.2234375 0.19375 0.2453125 0.184375 0.290625 0.171875 0.2890625 0.1609375 0.2765625 0.1546875 0.2625 0.15 0.259375 0.1453125 0.2484375 0.140625 0.2453125 0.140625 0.2421875 0.1328125 0.234375 0.1296875 0.209375 0.13125 0.203125 0.1421875 0.1984375 0.1453125 0.19375 0.1546875 0.190625 0.15625 0.1875 0.16875 0.184375 0.1734375 0.1796875 0.1875 0.1796875