3 0.38125 0.6140625 0.06875 0.11953125
4 0.3734375 0.3984375 0.06484375 0.11953125
4 0.2625 0.4109375 0.06640625 0.11328125
3 0.2609375 0.61875 0.0734375 0.11953125
4 0.4921875 0.3875 0.06796875 0.12265625
3 0.4921875 0.59375 0.06875 0.12109375
1 0.73359375 0.4484375 0.0828125 0.1421875
9 0.39375 0.59765625 0.35 0.66875
0 0.665625 0.640625 0.06171875 0.1109375
7 0.653125 0.52421875 0.08515625 0.140625
11 0.67421875 0.37890625 0.07578125 0.13515625
12 0.265625 0.8140625 0.084375 0.1375
2 0.50078125 0.80625 0.08046875 0.13359375
6 0.72734375 0.7109375 0.0671875 0.1125
0 0.73515625 0.60625 0.06640625 0.11328125
8 0.38359375 0.80625 0.0859375 0.13828125