5 0.66484375 0.3984375 0.1421875 0.0875
5 0.4734375 0.425 0.153125 0.096875
5 0.2828125 0.45234375 0.1390625 0.0890625
9 0.4734375 0.528125 0.6609375 0.459375
0 0.2984375 0.553125 0.1296875 0.0828125
8 0.22421875 0.32109375 0.1328125 0.0921875
1 0.2984375 0.6640625 0.125 0.0859375
12 0.5453125 0.28046875 0.128125 0.0875
10 0.6796875 0.49296875 0.125 0.08125
6 0.48671875 0.51796875 0.1171875 0.078125
11 0.6796875 0.60390625 0.121875 0.08125
7 0.49765625 0.63359375 0.1203125 0.084375
2 0.00859375 0.39375 0.0171875 0.053125