3 0.528125 0.7453125 0.0609375 0.109375
3 0.51953125 0.5609375 0.06015625 0.109375
5 0.61875 0.54453125 0.05859375 0.121875
5 0.6203125 0.728125 0.06640625 0.14140625
9 0.5078125 0.715625 0.340625 0.56875
5 0.61875 0.91953125 0.059375 0.1328125
2 0.7109375 0.21640625 0.0734375 0.1140625
1 0.4125 0.56953125 0.06171875 0.11171875
0 0.5484375 0.18671875 0.059375 0.10625
10 0.53046875 0.940625 0.0640625 0.11875
7 0.41640625 0.77109375 0.0609375 0.11953125
6 0.44375 0.2125 0.05625 0.10234375
12 0.73984375 0.79296875 0.06640625 0.128125
11 0.421875 0.94765625 0.059375 0.1046875
8 0.73984375 0.47890625 0.06953125 0.10859375