5 0.34296875 0.42109375 0.134375 0.065625
5 0.53515625 0.41328125 0.146875 0.0703125
5 0.72734375 0.4046875 0.13359375 0.0671875
9 0.54921875 0.51484375 0.6078125 0.3453125
1 0.746875 0.61875 0.11875 0.065625
12 0.44140625 0.2828125 0.12109375 0.071875
0 0.72890625 0.51015625 0.11953125 0.0609375
8 0.7703125 0.265625 0.1171875 0.06875
11 0.3546875 0.6265625 0.11484375 0.0625
7 0.540625 0.62421875 0.11015625 0.06484375
10 0.340625 0.51640625 0.128125 0.0671875
6 0.5390625 0.5078125 0.121875 0.065625