5 0.43203125 0.32578125 0.0890625 0.115625
5 0.53359375 0.34140625 0.0953125 0.1265625
3 0.49453125 0.49296875 0.08125 0.115625
3 0.58828125 0.521875 0.08125 0.1125
5 0.63046875 0.3578125 0.0875 0.1171875
9 0.4984375 0.51015625 0.4265625 0.615625
2 0.8328125 0.221875 0.065625 0.1203125
1 0.55234375 0.7 0.0796875 0.1140625
11 0.35625 0.65 0.0828125 0.109375
8 0.7078125 0.14765625 0.0796875 0.121875
12 0.53984375 0.125 0.0828125 0.1203125
0 0.77890625 0.503125 0.0421875 0.090625
10 0.39453125 0.475 0.078125 0.10625
7 0.44921875 0.6765625 0.0765625 0.1078125
6 0.73515625 0.6734375 0.0484375 0.09375