9 0.70546875 0.46640625 0.5890625 0.4265625
3 0.56875 0.4625 0.1421875 0.0765625
3 0.796875 0.45625 0.134375 0.0734375
4 0.56328125 0.59921875 0.14140625 0.08125
4 0.80625 0.59609375 0.13203125 0.07734375
5 0.5546875 0.334375 0.159375 0.08203125
5 0.7890625 0.33984375 0.17265625 0.08515625
2 0.253125 0.33515625 0.12734375 0.0828125
0 0.2515625 0.478125 0.13671875 0.07109375
7 0.2171875 0.5515625 0.14453125 0.07890625
5 0.96796875 0.34921875 0.059375 0.065625
12 0.2140625 0.70234375 0.15859375 0.0859375
8 0.253125 0.2390625 0.13203125 0.09453125
1 0.19375 0.625 0.1421875 0.07734375
6 0.25234375 0.40625 0.128125 0.0703125
4 0.98125 0.59375 0.0359375 0.07109375
3 0.98046875 0.45859375 0.0359375 0.0640625