9 0.35859375 0.36171875 0.409375 0.6484375
3 0.3453125 0.353125 0.071875 0.1140625
5 0.23125 0.5421875 0.0765625 0.134375
3 0.33671875 0.5328125 0.071875 0.11875
3 0.3609375 0.16484375 0.0703125 0.11875
5 0.265625 0.1671875 0.078125 0.1375
5 0.25078125 0.35546875 0.0828125 0.1484375
2 0.09453125 0.87890625 0.090625 0.13125
0 0.27265625 0.91484375 0.0734375 0.1203125
6 0.38359375 0.88515625 0.0671875 0.1125
12 0.12578125 0.28046875 0.0859375 0.1296875
11 0.4671875 0.16015625 0.075 0.1328125
7 0.4578125 0.3375 0.0734375 0.121875
1 0.446875 0.53359375 0.0734375 0.121875
10 0.17421875 0.9078125 0.0765625 0.11875
8 0.0921875 0.6015625 0.0921875 0.1203125