5 0.48984375 0.4671875 0.121875 0.06875
4 0.64375 0.65078125 0.1015625 0.065625
2 0.83515625 0.49375 0.0984375 0.0640625
5 0.33359375 0.45703125 0.1203125 0.0671875
4 0.48203125 0.6375 0.090625 0.0609375
5 0.64453125 0.47734375 0.1140625 0.0671875
9 0.490625 0.55234375 0.5203125 0.3359375
3 0.63515625 0.5609375 0.0984375 0.0609375
3 0.48515625 0.54375 0.09375 0.0578125
7 0.87265625 0.68125 0.0984375 0.0578125
0 0.83359375 0.58515625 0.096875 0.0578125
12 0.85859375 0.73046875 0.1109375 0.065625
8 0.8359375 0.42890625 0.1 0.065625
7 0.85703125 0.6328125 0.10625 0.0640625
10 0.3234375 0.53515625 0.1046875 0.0625
11 0.3296875 0.62890625 0.09375 0.0625
6 0.83515625 0.53828125 0.0890625 0.0546875
5 0.63203125 0.45625 0.0390625 0.0203125