3 0.48515625 0.52109375 0.071875 0.10625
5 0.4359375 0.32890625 0.078125 0.121875
9 0.4984375 0.5203125 0.40625 0.596875
3 0.525 0.36171875 0.0734375 0.109375
3 0.45234375 0.69140625 0.06875 0.109375
5 0.37265625 0.665625 0.0765625 0.128125
5 0.4046875 0.4984375 0.08125 0.134375
2 0.4046875 0.0375 0.08125 0.075
0 0.55859375 0.03828125 0.0640625 0.0765625
1 0.621875 0.384375 0.075 0.1125
12 0.27890625 0.53359375 0.0796875 0.1171875
11 0.546875 0.71875 0.071875 0.1140625
6 0.653125 0.0671875 0.0671875 0.1015625
10 0.4734375 0.0328125 0.065625 0.065625
8 0.33359375 0.25 0.075 0.10625
7 0.58203125 0.55859375 0.071875 0.10625