3 0.50234375 0.59609375 0.08125 0.1265625
3 0.39296875 0.62734375 0.0828125 0.1265625
4 0.47734375 0.38828125 0.0828125 0.1296875
3 0.27578125 0.64609375 0.0859375 0.1234375
4 0.35859375 0.4125 0.0796875 0.1265625
4 0.25234375 0.4375 0.0828125 0.125
1 0.7234375 0.41796875 0.0984375 0.15
0 0.68046875 0.61640625 0.0734375 0.115625
7 0.653125 0.50390625 0.1015625 0.15
2 0.53671875 0.803125 0.09375 0.14375
11 0.65625 0.35546875 0.0921875 0.140625
12 0.30234375 0.840625 0.0984375 0.1453125
9 0.4046875 0.60390625 0.4296875 0.7078125
10 0.7453125 0.57421875 0.078125 0.1171875
8 0.4203125 0.8171875 0.0953125 0.1421875
6 0.7515625 0.68203125 0.0765625 0.1171875