0 0.84296875 0.5734375 0.1125 0.05859375
9 0.36171875 0.5953125 0.61171875 0.34140625
1 0.81640625 0.45546875 0.11171875 0.059375
3 0.53359375 0.5953125 0.11484375 0.0609375
12 0.16640625 0.7078125 0.14375 0.06875
4 0.52890625 0.48828125 0.109375 0.06328125
2 0.55546875 0.70546875 0.1296875 0.06953125
7 0.328125 0.49765625 0.11875 0.0625
11 0.14765625 0.5046875 0.121875 0.0578125
10 0.15859375 0.6125 0.1203125 0.0640625
8 0.35859375 0.70625 0.13203125 0.0703125
6 0.34609375 0.61015625 0.10390625 0.0578125