2 0.08515625 0.3703125 0.12109375 0.0625
3 0.41796875 0.48125 0.11015625 0.059375
5 0.5875 0.384375 0.13203125 0.0640625
5 0.40703125 0.3796875 0.1234375 0.0625
9 0.57890625 0.48515625 0.55859375 0.32578125
12 0.771875 0.38515625 0.13359375 0.06171875
8 0.12890625 0.29609375 0.11328125 0.06953125
0 0.1125 0.49375 0.1046875 0.053125
4 0.41171875 0.5859375 0.1078125 0.06015625
11 0.778125 0.57890625 0.1125 0.05546875
7 0.609375 0.5828125 0.11328125 0.05859375
1 0.128125 0.6125 0.1109375 0.05859375
6 0.6015625 0.471875 0.10546875 0.05703125
10 0.77421875 0.47421875 0.1046875 0.05546875