4 0.2859375 0.58203125 0.13125 0.0828125
0 0.4859375 0.7203125 0.1109375 0.0796875
3 0.47890625 0.54765625 0.1234375 0.0796875
5 0.6625 0.521875 0.1296875 0.0890625
2 0.7078125 0.6984375 0.121875 0.0875
9 0.4515625 0.4453125 0.653125 0.4234375
2 0.27109375 0.75078125 0.125 0.0875
12 0.61953125 0.3078125 0.128125 0.0953125
7 0.2671875 0.4671875 0.11875 0.078125
11 0.2515625 0.36484375 0.1203125 0.0859375
10 0.4515625 0.3328125 0.121875 0.08125
6 0.47578125 0.4375 0.1140625 0.075
8 0.64375 0.41484375 0.1296875 0.0890625