4 0.5875 0.40859375 0.1421875 0.0890625
3 0.375 0.5515625 0.1296875 0.08125
5 0.1875 0.56953125 0.14375 0.103125
3 0.375 0.43671875 0.134375 0.0875
5 0.16640625 0.453125 0.1390625 0.09375
9 0.3890625 0.54453125 0.71875 0.4453125
11 0.59921875 0.6453125 0.121875 0.0890625
1 0.61953125 0.22890625 0.1203125 0.065625
12 0.2 0.68984375 0.14375 0.1015625
7 0.59375 0.53359375 0.1234375 0.084375
10 0.3859375 0.66953125 0.1234375 0.08125
0 0.384375 0.2515625 0.11875 0.0546875
6 0.25859375 0.27109375 0.1203125 0.0625