0 0.08359375 0.453125 0.1109375 0.0609375
2 0.36328125 0.34765625 0.121875 0.06875
1 0.09921875 0.565625 0.1125 0.0609375
12 0.71796875 0.36328125 0.1265625 0.06875
3 0.37421875 0.44765625 0.1078125 0.0609375
7 0.56015625 0.54921875 0.10625 0.0609375
12 0.72734375 0.5515625 0.1140625 0.0609375
0 0.55 0.44453125 0.1 0.0609375
8 0.54140625 0.35703125 0.1140625 0.0671875
10 0.721875 0.4515625 0.10625 0.059375
9 0.26603302812499996 0.6140562843749999 0.808373325 0.6172974296875 0.792356115625 0.3088226125 0.23861923749999997 0.2802189515625 0.26603302812499996 0.6140562843749999