3 0.42109375 0.5328125 0.134375 0.090625
4 0.43515625 0.6453125 0.1296875 0.090625
2 0.06875 0.4984375 0.1375 0.09375
9 0.59921875 0.4984375 0.6734375 0.46875
0 0.12109375 0.61328125 0.128125 0.0828125
1 0.153125 0.73046875 0.1390625 0.090625
10 0.80390625 0.4421875 0.1328125 0.090625
12 0.78046875 0.3453125 0.1515625 0.096875
5 0.390625 0.43203125 0.1421875 0.0921875
11 0.8265625 0.5546875 0.1359375 0.0875
7 0.6390625 0.596875 0.128125 0.0875
6 0.60859375 0.48203125 0.11875 0.0828125
8 0.58515625 0.3890625 0.146875 0.0984375