9 0.61875 0.5453125 0.446875 0.6265625
3 0.66328125 0.70234375 0.0828125 0.115625
3 0.62734375 0.53515625 0.078125 0.1078125
5 0.76015625 0.69140625 0.084375 0.1265625
5 0.7140625 0.51953125 0.0921875 0.1359375
3 0.584375 0.3640625 0.0765625 0.109375
5 0.67109375 0.35390625 0.084375 0.1296875
1 0.56796875 0.72265625 0.0828125 0.11875
7 0.525 0.54140625 0.078125 0.1125
12 0.8140625 0.43125 0.09375 0.125
11 0.490625 0.3828125 0.0828125 0.121875
8 0.8765625 0.675 0.909375 0.709375 0.9125 0.709375 0.9203125 0.7171875 0.9265625 0.7296875 0.9234375 0.74375 0.91875 0.746875 0.91875 0.75 0.909375 0.7546875 0.9078125 0.759375 0.903125 0.7640625 0.9 0.7640625 0.896875 0.76875 0.8859375 0.7734375 0.88125 0.771875 0.878125 0.7734375 0.8765625 0.7703125 0.871875 0.7703125 0.8671875 0.753125 0.8671875 0.7375 0.8640625 0.7296875 0.865625 0.71875 0.8625 0.7125 0.8640625 0.7078125 0.859375 0.69375 0.8609375 0.690625 0.859375 0.6765625 0.86875 0.6734375 0.875 0.675