3 0.65078125 0.5375 0.12421875 0.06484375
4 0.65859375 0.42578125 0.11953125 0.0671875
3 0.45859375 0.54375 0.11171875 0.06171875
4 0.4515625 0.43046875 0.1078125 0.0625
9 0.46328125 0.5359375 0.61328125 0.346875
5 0.26640625 0.6421875 0.140625 0.065625
5 0.6625 0.64453125 0.13125 0.06796875
5 0.46328125 0.64140625 0.14921875 0.07109375
12 0.93515625 0.340625 0.12734375 0.06953125
2 0.91171875 0.640625 0.11640625 0.06953125
1 0.946875 0.40234375 0.10625 0.0640625
7 0.9375 0.4625 0.125 0.06328125
0 0.909375 0.52265625 0.11640625 0.05859375
10 0.25625 0.5453125 0.1234375 0.06484375
11 0.25703125 0.43125 0.125 0.0625
8 0.9125 0.71796875 0.121875 0.0765625
6 0.91015625 0.58125 0.11171875 0.059375