4 0.32578125 0.625 0.16171875 0.08515625
5 0.85546875 0.621875 0.16015625 0.09765625
2 0.85234375 0.4390625 0.1796875 0.08125
3 0.5953125 0.63125 0.15625 0.0875
0 0.56796875 0.43359375 0.1390625 0.07890625
5 0.84296875 0.74921875 0.1609375 0.0609375
1 0.27734375 0.396875 0.15234375 0.084375
4 0.3234375 0.76015625 0.14921875 0.03984375
12 0.121875 0.409375 0.17890625 0.09609375
3 0.609375 0.75625 0.153125 0.046875
6 0.71171875 0.43515625 0.1421875 0.078125
7 0.425 0.4125 0.15234375 0.08515625
8 0.9703125 0.4375 0.05234375 0.08203125
9 0.185825 0.775757009375 0.9932604171875001 0.7743154203125 0.9932604171875001 0.5349661218749999 0.1935375 0.5378492984375 0.185825 0.775757009375