0 0.5078125 0.2859375 0.096875 0.0703125
3 0.50390625 0.4328125 0.103125 0.0703125
2 0.3234375 0.30078125 0.1078125 0.078125
5 0.346875 0.453125 0.10625 0.075
4 0.665625 0.4046875 0.109375 0.0734375
1 0.6875 0.26328125 0.103125 0.0734375
9 0.52265625 0.52109375 0.56875 0.38125
12 0.36796875 0.63984375 0.109375 0.0828125
7 0.67265625 0.503125 0.1015625 0.06875
11 0.68046875 0.59453125 0.103125 0.0734375
6 0.49921875 0.52578125 0.1015625 0.0671875
10 0.51328125 0.61953125 0.1 0.06875
8 0.35703125 0.54609375 0.1078125 0.0765625