4 0.6015625 0.54609375 0.171875 0.115625
0 0.33125 0.59921875 0.1703125 0.1140625
11 0.5046875 0.2578125 0.165625 0.1078125
6 0.26328125 0.45859375 0.1671875 0.1109375
2 0.08203125 0.6625 0.134375 0.1140625
1 0.7125 0.7234375 0.146875 0.06875
7 0.5484375 0.39296875 0.1796875 0.121875
8 0.0625 0.50546875 0.125 0.1203125
10 0.22734375 0.3078125 0.16875 0.1125
12 0.0328125 0.353125 0.065625 0.115625
9 0 0.5317468984375 0.0406393390625 0.7622240453125 0.78001668125 0.59490030625 0.6463321734374999 0.1930977109375 0 0.30058606875 0 0.5317468984375