9 0.51875 0.5125 0.6 0.34375
3 0.33828125 0.50859375 0.121875 0.0671875
4 0.3328125 0.4015625 0.1171875 0.0671875
0 0.053125 0.4875 0.10625 0.059375
2 0.04140625 0.60546875 0.0828125 0.0640625
5 0.3265625 0.6109375 0.13125 0.0703125
1 0.0625 0.371875 0.11875 0.0609375
5 0.5171875 0.615625 0.1453125 0.071875
12 0.7140625 0.62421875 0.134375 0.0703125
10 0.71640625 0.52578125 0.1234375 0.06875
6 0.5234375 0.5234375 0.11875 0.06875
11 0.7171875 0.41640625 0.1140625 0.0625
7 0.53125 0.409375 0.1078125 0.0625
8 0.0609375 0.6796875 0.121875 0.075