3 0.47109375 0.40078125 0.053125 0.096875
5 0.3875 0.3859375 0.06484375 0.1203125
5 0.3953125 0.215625 0.05625 0.11015625
3 0.46171875 0.575 0.053125 0.10703125
5 0.37734375 0.55625 0.059375 0.11796875
3 0.4859375 0.24140625 0.05390625 0.10078125
9 0.4765625 0.39375 0.3125 0.565625
1 0.5828125 0.25078125 0.05703125 0.10859375
11 0.55703125 0.584375 0.05703125 0.1015625
12 0.26328125 0.43359375 0.06015625 0.1078125
8 0.27890625 0.14765625 0.06015625 0.109375
7 0.56953125 0.4234375 0.05703125 0.10234375