4 0.38046875 0.60625 0.0703125 0.103125
4 0.47421875 0.6296875 0.0734375 0.1046875
4 0.29453125 0.584375 0.071875 0.1
2 0.728125 0.2046875 0.078125 0.11875
7 0.66796875 0.61328125 0.0828125 0.11875
5 0.359375 0.27890625 0.0859375 0.1109375
5 0.453125 0.3 0.090625 0.115625
5 0.54375 0.31953125 0.0796875 0.1078125
9 0.41796875 0.45625 0.39375 0.5640625
7 0.71484375 0.353125 0.084375 0.1203125
12 0.61328125 0.65859375 0.0796875 0.1140625
3 0.50625 0.46953125 0.075 0.1015625
12 0.459375 0.0953125 0.078125 0.1140625
2 0.61171875 0.13125 0.071875 0.1125
3 0.325 0.41875 0.075 0.103125
3 0.41953125 0.4375 0.06875 0.0984375
2 0.72265625 0.23515625 0.059375 0.0578125
12 0.63984375 0.6359375 0.140625 0.1859375
5 0.74296875 0.17890625 0.040625 0.053125
4 0.38671875 0.60859375 0.2625 0.1484375
5 0.36015625 0.2515625 0.046875 0.05