5 0.65703125 0.19140625 0.1640625 0.0828125
5 0.1703125 0.2109375 0.16953125 0.08046875
5 0.4125 0.203125 0.18203125 0.08359375
9 0.42734375 0.33125 0.75703125 0.4328125
1 0.665625 0.46015625 0.14296875 0.08046875
11 0.16015625 0.46328125 0.1578125 0.07734375
12 0.3078125 0.05234375 0.15078125 0.09140625
7 0.39921875 0.4625 0.13828125 0.07890625
0 0.6515625 0.31875 0.14140625 0.0796875
10 0.15234375 0.3265625 0.13984375 0.07578125
6 0.40234375 0.3171875 0.1328125 0.078125
8 0.71484375 0.0390625 0.14140625 0.078125