2 0.48671875 0.33125 0.11875 0.0640625
0 0.21015625 0.44921875 0.1046875 0.0546875
1 0.228125 0.56015625 0.10625 0.05546875
11 0.859375 0.528125 0.11796875 0.05625
4 0.496875 0.5359375 0.1046875 0.05859375
12 0.85078125 0.33359375 0.13046875 0.06328125
3 0.49921875 0.43359375 0.103125 0.05703125
8 0.66953125 0.334375 0.11953125 0.0640625
10 0.85546875 0.42421875 0.1078125 0.0578125
7 0.6890625 0.53125 0.11171875 0.05546875
6 0.678125 0.4234375 0.10078125 0.05546875
9 0.3985958328125 0.6033341125 0.9485250000000001 0.5814813078125 0.9138833328124999 0.27474299062499996 0.3800854171875 0.2724415890625 0.3985958328125 0.6033341125