11 0.49453125 0.3015625 0.103125 0.06953125
0 0.3703125 0.6921875 0.1 0.0609375
1 0.5828125 0.67734375 0.1046875 0.06328125
8 0.13359375 0.4203125 0.12734375 0.07109375
2 0.13671875 0.5296875 0.128125 0.07265625
12 0.12734375 0.3125 0.11796875 0.0796875
3 0.33125 0.51796875 0.109375 0.0609375
7 0.5078125 0.4046875 0.10859375 0.06484375
4 0.5234375 0.51640625 0.1171875 0.0625
10 0.29921875 0.30859375 0.1046875 0.06171875
6 0.303125 0.4125 0.103125 0.05859375
9 0.035372917187500005 0.5993703265625 0.6450645828125 0.57616705625 0.5967854171875 0.24512850468749997 0.02051875 0.26976285 0.035372917187500005 0.5993703265625