2 0.9359375 0.55078125 0.115625 0.0765625
3 0.6578125 0.5625 0.109375 0.0734375
0 0.8859375 0.63671875 0.1015625 0.0671875
5 0.68984375 0.48515625 0.115625 0.0765625
9 0.51875 0.53046875 0.540625 0.384375
1 0.84921875 0.72578125 0.10625 0.0703125
12 0.3921875 0.4046875 0.1140625 0.075
4 0.63515625 0.6453125 0.1015625 0.071875
7 0.4796875 0.60078125 0.0984375 0.06875
8 0.54140625 0.44453125 0.1078125 0.0734375
11 0.340625 0.559375 0.103125 0.0703125
10 0.36640625 0.47578125 0.096875 0.06875
6 0.51484375 0.5140625 0.0921875 0.065625