5 0.275 0.83828125 0.096875 0.1375
3 0.41484375 0.6734375 0.0796875 0.11875
3 0.53125 0.67578125 0.0859375 0.13125
5 0.39609375 0.86015625 0.1046875 0.1453125
5 0.51484375 0.88359375 0.090625 0.1359375
3 0.29453125 0.65078125 0.0859375 0.1234375
9 0.4234375 0.65703125 0.428125 0.6859375
11 0.32109375 0.440625 0.0875 0.121875
1 0.5609375 0.46953125 0.0828125 0.1234375
0 0.73671875 0.7796875 0.05 0.1203125
7 0.43515625 0.45 0.0828125 0.1234375
6 0.753125 0.5734375 0.059375 0.1140625
10 0.71171875 0.95078125 0.0546875 0.0984375