4 0.42734375 0.5046875 0.06875 0.1015625
4 0.4765625 0.828125 0.0671875 0.103125
4 0.45234375 0.67265625 0.065625 0.096875
5 0.60390625 0.475 0.0703125 0.1140625
2 0.64921875 0.190625 0.0734375 0.1109375
5 0.62578125 0.6328125 0.0765625 0.13125
5 0.65 0.803125 0.06875 0.125
7 0.56328125 0.171875 0.0765625 0.1171875
9 0.53984375 0.65703125 0.3640625 0.5546875
1 0.41171875 0.17734375 0.0765625 0.1203125
11 0.39140625 0.2609375 0.0734375 0.11875
12 0.75 0.6890625 0.075 0.11875
0 0.51796875 0.49609375 0.0640625 0.1015625
6 0.54765625 0.64921875 0.0625 0.096875
8 0.70703125 0.41328125 0.06875 0.1015625
10 0.57109375 0.82578125 0.065625 0.1078125