3 0.4625 0.36171875 0.0796875 0.1109375
3 0.5140625 0.5203125 0.078125 0.10625
5 0.5953125 0.48984375 0.09375 0.1390625
3 0.5640625 0.68671875 0.078125 0.1140625
5 0.6421875 0.65234375 0.0828125 0.1234375
9 0.5046875 0.52265625 0.44375 0.6203125
5 0.54921875 0.32734375 0.084375 0.125
2 0.5546875 0.034375 0.0875 0.06875
1 0.36796875 0.39609375 0.0828125 0.115625
0 0.4 0.0453125 0.06875 0.0796875
12 0.7234375 0.51328125 0.0875 0.1171875
6 0.3109375 0.08203125 0.075 0.1046875
11 0.471875 0.72109375 0.08125 0.11875
7 0.42109375 0.56484375 0.0828125 0.1125
10 0.48515625 0.0328125 0.0703125 0.065625
2 0.64375 0.23515625 0.0828125 0.1109375