4 0.7328125 0.59296875 0.16015625 0.090625
3 0.48359375 0.615625 0.14921875 0.0875
3 0.42109375 0.48203125 0.13984375 0.07890625
5 0.21171875 0.5046875 0.1625 0.10390625
5 0.24921875 0.64375 0.159375 0.09296875
11 0.6234375 0.3140625 0.14296875 0.0921875
12 0.15625 0.359375 0.14375 0.08984375
7 0.6796875 0.446875 0.1546875 0.0890625
10 0.375 0.3421875 0.1359375 0.08046875
1 0.86015625 0.76640625 0.1421875 0.028125
9 0.1045604171875 0.7447967296875 0.9157541671875 0.6556495328125 0.7278604171875 0.231186915625 0.0171166671875 0.323228971875 0.1045604171875 0.7447967296875