1 0.6984375 0.696875 0.1015625 0.0640625
5 0.30546875 0.4390625 0.11796875 0.0796875
3 0.4796875 0.5375 0.109375 0.0609375
5 0.3 0.5421875 0.1078125 0.0671875
11 0.665625 0.33125 0.1046875 0.065625
4 0.6640625 0.54375 0.11328125 0.0609375
2 0.2875 0.7125 0.109375 0.0671875
0 0.49609375 0.70078125 0.0953125 0.0609375
9 0.48828125 0.4390625 0.58046875 0.31796875
12 0.30234375 0.3296875 0.11015625 0.07578125
8 0.15703125 0.690625 0.11953125 0.0640625
7 0.665625 0.43359375 0.10546875 0.0609375
10 0.471875 0.32890625 0.10703125 0.06328125
8 0.46484375 0.43515625 0.0984375 0.05703125