3 0.640625 0.5125 0.11015625 0.0625
4 0.828125 0.52265625 0.121875 0.065625
4 0.840625 0.4125 0.11953125 0.0609375
5 0.46875 0.4109375 0.121875 0.08203125
3 0.6375 0.4109375 0.1140625 0.0625
5 0.46015625 0.51484375 0.10859375 0.0671875
9 0.65625 0.415625 0.6453125 0.35078125
2 0.43984375 0.67421875 0.10859375 0.06640625
1 0.85078125 0.671875 0.11953125 0.06953125
0 0.64453125 0.66875 0.09453125 0.05859375
12 0.47421875 0.2984375 0.1125 0.07734375
8 0.3109375 0.65234375 0.1140625 0.06484375
11 0.8578125 0.30625 0.12109375 0.0671875
10 0.65078125 0.2984375 0.11015625 0.0671875
7 0.73671875 0.70625 0.10859375 0.0625
6 0.540625 0.65703125 0.0921875 0.05625