3 0.65859375 0.44921875 0.0859375 0.053125
3 0.7921875 0.4203125 0.0859375 0.053125
9 0.759375 0.41640625 0.48125 0.3390625
4 0.61015625 0.3796875 0.0953125 0.0609375
4 0.75234375 0.34453125 0.0875 0.0578125
5 0.81875 0.48671875 0.109375 0.065625
2 0.52421875 0.5609375 0.0859375 0.0546875
5 0.6859375 0.5203125 0.0921875 0.0578125
1 0.4078125 0.4171875 0.084375 0.0546875
5 0.9515625 0.45234375 0.0921875 0.0578125
12 0.40546875 0.37421875 0.09375 0.059375
8 0.55234375 0.6140625 0.0859375 0.05625
7 0.44453125 0.45234375 0.090625 0.0578125
11 0.8890625 0.30859375 0.096875 0.059375
0 0.484375 0.484375 0.078125 0.046875
6 0.5046875 0.52265625 0.0765625 0.0484375
10 0.93515625 0.38515625 0.09375 0.05625