9 0.45 0.42109375 0.478125 0.3359375
4 0.5984375 0.3796875 0.0890625 0.0625
5 0.31484375 0.390625 0.1015625 0.078125
3 0.46171875 0.35 0.0875 0.0640625
5 0.33515625 0.3140625 0.090625 0.0703125
2 0.36328125 0.196875 0.0828125 0.05
0 0.51171875 0.2359375 0.0796875 0.059375
10 0.41171875 0.496875 0.0859375 0.0625
1 0.659375 0.27578125 0.0859375 0.0671875
7 0.57265625 0.45703125 0.090625 0.0625
11 0.5484375 0.528125 0.0859375 0.0609375
12 0.29140625 0.46640625 0.09375 0.0703125
6 0.4296875 0.41953125 0.0796875 0.05625
8 0.2640625 0.18203125 0.1015625 0.06875