9 0.60625 0.48828125 0.740625 0.5109375
3 0.59296875 0.496875 0.1328125 0.0890625
3 0.80078125 0.55 0.1453125 0.09375
4 0.64140625 0.38125 0.13125 0.0921875
5 0.76015625 0.64296875 0.159375 0.1015625
3 0.40390625 0.4390625 0.1296875 0.0890625
4 0.43359375 0.32890625 0.1328125 0.0921875
5 0.55703125 0.5890625 0.1671875 0.1046875
5 0.3625 0.5375 0.140625 0.0953125
2 0.1390625 0.46484375 0.1296875 0.0890625
1 0.1671875 0.2390625 0.1484375 0.0921875
12 0.19765625 0.18359375 0.1515625 0.0984375
8 0.11796875 0.53984375 0.1328125 0.0953125
0 0.17578125 0.36328125 0.121875 0.078125
11 0.8421875 0.43359375 0.146875 0.0984375
7 0.16796875 0.3 0.140625 0.0875
10 0.0796875 0.3796875 0.121875 0.0828125
6 0.16171875 0.41796875 0.1140625 0.0765625