4 0.27578125 0.45234375 0.1234375 0.0640625
0 0.4515625 0.284375 0.10234375 0.0640625
3 0.471875 0.45625 0.11484375 0.06171875
5 0.65703125 0.453125 0.1203125 0.071875
2 0.67421875 0.271875 0.1125 0.07109375
9 0.4609375 0.56171875 0.60859375 0.3328125
2 0.234375 0.28828125 0.115625 0.06953125
12 0.6484375 0.67109375 0.11796875 0.07734375
7 0.275 0.56875 0.11015625 0.06171875
11 0.27578125 0.67265625 0.11015625 0.06953125
10 0.478125 0.67265625 0.1125 0.0640625
6 0.4859375 0.565625 0.10625 0.05859375
8 0.65546875 0.56171875 0.11953125 0.07109375