2 0.7546875 0.371875 0.12890625 0.06484375
3 0.71875 0.471875 0.109375 0.059375
4 0.70390625 0.57265625 0.1171875 0.0640625
0 0.965625 0.5046875 0.065625 0.0515625
12 0.38125 0.3453125 0.125 0.0671875
11 0.34140625 0.5421875 0.109375 0.06171875
7 0.51953125 0.55625 0.10859375 0.0609375
10 0.36171875 0.4359375 0.10703125 0.05859375
8 0.56875 0.3609375 0.12421875 0.0640625
6 0.5453125 0.4484375 0.10078125 0.05625
1 0.94765625 0.61328125 0.10390625 0.05859375
9 0.24154583281250003 0.600175234375 0.7848625 0.64677686875 0.8754166671875 0.3261296734375 0.3132479171875 0.2773422890625 0.24154583281250003 0.600175234375