5 0.14765625 0.60546875 0.1765625 0.08203125
5 0.409375 0.61640625 0.1921875 0.0921875
5 0.6703125 0.6296875 0.175 0.08515625
9 0.43359375 0.48125 0.81484375 0.465625
0 0.66796875 0.48828125 0.15625 0.08046875
12 0.284375 0.7875 0.16640625 0.0953125
11 0.15859375 0.3265625 0.16953125 0.0859375
1 0.6921875 0.33671875 0.15234375 0.0859375
6 0.4078125 0.48984375 0.14140625 0.0765625
7 0.41328125 0.33046875 0.14765625 0.0890625
10 0.14453125 0.475 0.15703125 0.08046875
8 0.734375 0.771875 0.7359375 0.7734375 0.7484375 0.771875 0.75625 0.76875 0.7921875 0.76875 0.796875 0.7734375 0.803125 0.7859375 0.803125 0.79375 0.7984375 0.7984375 0.796875 0.8046875 0.7921875 0.8078125 0.784375 0.8234375 0.7796875 0.8265625 0.7703125 0.8421875 0.7671875 0.84375 0.7640625 0.8546875 0.7515625 0.865625 0.7375 0.865625 0.7328125 0.8609375 0.725 0.8578125 0.7078125 0.840625 0.696875 0.8328125 0.69375 0.8328125 0.690625 0.828125 0.6875 0.828125 0.684375 0.8234375 0.68125 0.8234375 0.678125 0.81875 0.675 0.81875 0.65625 0.8046875 0.653125 0.7984375 0.65 0.796875 0.65 0.784375 0.6609375 0.7796875 0.7328125 0.771875