0 0.49609375 0.24609375 0.0953125 0.05625
4 0.64140625 0.3953125 0.1109375 0.0640625
2 0.28359375 0.39296875 0.1171875 0.06875
3 0.46171875 0.3984375 0.10625 0.0625
1 0.6921875 0.24453125 0.0984375 0.0671875
12 0.275 0.5984375 0.1140625 0.075
10 0.434375 0.59921875 0.109375 0.0640625
8 0.28046875 0.496875 0.1125 0.0703125
11 0.61875 0.596875 0.10625 0.0671875
6 0.4390625 0.49765625 0.1 0.059375
7 0.63046875 0.5 0.1078125 0.0625
9 0.1890451578125 0.334799428125 0.1616671421875 0.64250193125 0.718619971875 0.6529786515625 0.7624976 0.326531190625 0.7575945125 0.331721821875 0.1890451578125 0.334799428125