4 0.59296875 0.41484375 0.1375 0.0796875
3 0.371875 0.54296875 0.1265625 0.0734375
5 0.18359375 0.54765625 0.1390625 0.09375
3 0.3796875 0.428125 0.1296875 0.078125
5 0.17109375 0.4296875 0.134375 0.0859375
9 0.3859375 0.53671875 0.6984375 0.4
11 0.58828125 0.6515625 0.1171875 0.08125
1 0.63828125 0.2375 0.1171875 0.0578125
12 0.1875 0.66796875 0.1375 0.0921875
7 0.59140625 0.53984375 0.1203125 0.0765625
10 0.375 0.66171875 0.11875 0.0734375
0 0.40234375 0.24375 0.115625 0.046875
6 0.275 0.25546875 0.11875 0.0546875