1 0.2625 0.646875 0.1140625 0.0859375
5 0.703125 0.484375 0.1328125 0.1046875
3 0.51171875 0.54140625 0.1203125 0.084375
5 0.68515625 0.5859375 0.1203125 0.0890625
11 0.3765625 0.2984375 0.1171875 0.0875
4 0.33046875 0.50546875 0.1234375 0.084375
2 0.659375 0.7546875 0.121875 0.090625
0 0.45859375 0.696875 0.10625 0.08125
9 0.525 0.44296875 0.6375 0.440625
12 0.73125 0.378125 0.125 0.0984375
8 0.79140625 0.7625 0.13125 0.0890625
7 0.35390625 0.39765625 0.1171875 0.0828125
10 0.565625 0.33984375 0.11875 0.0859375
8 0.54921875 0.44453125 0.109375 0.078125