9 0.31953125 0.403125 0.59296875 0.33359375
2 0.503125 0.29375 0.12578125 0.06875
0 0.79140625 0.41953125 0.1078125 0.05703125
3 0.49140625 0.4015625 0.11171875 0.059375
1 0.7703125 0.53515625 0.11015625 0.05703125
11 0.11171875 0.49765625 0.12265625 0.059375
12 0.1234375 0.29375 0.1359375 0.06796875
4 0.4921875 0.5078125 0.109375 0.06015625
2 0.31484375 0.29453125 0.125 0.06875
7 0.29140625 0.5015625 0.11328125 0.059375
10 0.11953125 0.38828125 0.1109375 0.06015625
0 0.30390625 0.3890625 0.10234375 0.05859375