3 0.48359375 0.38046875 0.11875 0.078125
3 0.66875 0.36171875 0.1296875 0.0828125
3 0.290625 0.409375 0.1265625 0.08125
4 0.478125 0.4953125 0.1203125 0.0828125
4 0.67890625 0.47109375 0.13125 0.0859375
5 0.2921875 0.3140625 0.1390625 0.084375
9 0.49375 0.39296875 0.6890625 0.459375
5 0.48203125 0.28671875 0.1484375 0.090625
5 0.6734375 0.25625 0.1390625 0.0875
12 0.94609375 0.51953125 0.1078125 0.0859375
1 0.9546875 0.4578125 0.090625 0.078125
0 0.92265625 0.3421875 0.121875 0.078125
2 0.9125 0.23203125 0.103125 0.0796875
7 0.94140625 0.39765625 0.1046875 0.078125
8 0.90234375 0.15625 0.0984375 0.0921875
6 0.915625 0.28515625 0.1140625 0.0765625
11 0.28828125 0.5140625 0.13125 0.084375