2 0.86484375 0.65078125 0.1234375 0.075
0 0.8546875 0.53125 0.1140625 0.0671875
5 0.38046875 0.5796875 0.1390625 0.0796875
1 0.86171875 0.415625 0.121875 0.0734375
3 0.5609375 0.50625 0.1140625 0.071875
5 0.559375 0.6046875 0.13125 0.075
8 0.81328125 0.71953125 0.1234375 0.0828125
9 0.40234375 0.48203125 0.6015625 0.3921875
4 0.58671875 0.40390625 0.1140625 0.0734375
12 0.19296875 0.55625 0.1390625 0.0796875
7 0.38828125 0.3796875 0.115625 0.0703125
11 0.21328125 0.359375 0.11875 0.0703125
10 0.203125 0.4640625 0.1203125 0.0734375
6 0.3828125 0.4890625 0.121875 0.075