3 0.42109375 0.38515625 0.06875 0.11640625
3 0.65546875 0.3390625 0.0703125 0.1140625
4 0.42578125 0.59296875 0.071875 0.12421875
4 0.54765625 0.575 0.0671875 0.125
4 0.659375 0.55 0.06953125 0.11953125
3 0.534375 0.3546875 0.0671875 0.1171875
0 0.24921875 0.35703125 0.06328125 0.1078125
2 0.40546875 0.1734375 0.07890625 0.13828125
7 0.2640625 0.4703125 0.090625 0.14765625
9 0.52890625 0.3734375 0.38515625 0.68984375
12 0.64765625 0.14375 0.08203125 0.14375
11 0.25 0.6203125 0.07109375 0.13125
8 0.52421875 0.16171875 0.07734375 0.134375