3 0.44375 0.48125 0.05546875 0.0921875
3 0.62421875 0.45859375 0.05625 0.0890625
3 0.5296875 0.46484375 0.05078125 0.08984375
2 0.27734375 0.19296875 0.0578125 0.10703125
5 0.61875 0.31875 0.06328125 0.09375
5 0.52578125 0.32421875 0.0671875 0.10234375
5 0.43515625 0.33046875 0.05859375 0.09453125
9 0.5265625 0.4796875 0.2875 0.51171875
0 0.2703125 0.44296875 0.053125 0.084375
1 0.44375 0.640625 0.053125 0.09296875
12 0.55703125 0.125 0.0546875 0.1015625
8 0.40390625 0.1359375 0.0515625 0.09921875
11 0.62578125 0.62265625 0.05546875 0.0875
7 0.5375 0.63359375 0.05078125 0.0890625
6 0.2859375 0.59453125 0.05078125 0.0828125
10 0.27109375 0.303125 0.05078125 0.0875