9 0.4734375 0.52890625 0.6765625 0.4890625
5 0.653125 0.3890625 0.1421875 0.0921875
5 0.4671875 0.42734375 0.153125 0.103125
5 0.27734375 0.4671875 0.1375 0.0953125
11 0.6875 0.59140625 0.11875 0.0859375
0 0.30078125 0.5671875 0.128125 0.0875
10 0.67578125 0.48046875 0.1265625 0.0875
12 0.525 0.2796875 0.1296875 0.0921875
6 0.48515625 0.51953125 0.11875 0.084375
1 0.30703125 0.678125 0.1296875 0.0921875
7 0.50546875 0.63359375 0.1203125 0.0890625
8 0.1890625 0.3109375 0.19375 0.3140625 0.2 0.3140625 0.2015625 0.3171875 0.2046875 0.315625 0.209375 0.3203125 0.2125 0.31875 0.221875 0.325 0.225 0.3234375 0.2296875 0.328125 0.2328125 0.3265625 0.2359375 0.3296875 0.240625 0.3296875 0.25 0.3359375 0.2546875 0.3359375 0.259375 0.340625 0.2625 0.340625 0.265625 0.3453125 0.259375 0.3484375 0.25625 0.353125 0.246875 0.3546875 0.225 0.365625 0.21875 0.365625 0.2109375 0.3703125 0.190625 0.375 0.1828125 0.38125 0.1765625 0.3828125 0.1609375 0.38125 0.15625 0.3765625 0.15625 0.3703125 0.1609375 0.3578125 0.165625 0.353125 0.1640625 0.3453125 0.1671875 0.34375 0.16875 0.3359375 0.171875 0.3328125 0.1734375 0.328125 0.171875 0.3234375 0.175 0.321875 0.1734375 0.3203125 0.175 0.3171875 0.1875 0.3109375