3 0.5484375 0.55625 0.10078125 0.05625
9 0.55390625 0.4609375 0.5578125 0.30625
1 0.76875 0.7046875 0.10546875 0.0640625
11 0.715625 0.35859375 0.10234375 0.06171875
4 0.7265625 0.559375 0.10703125 0.05859375
0 0.57265625 0.71015625 0.09296875 0.05859375
5 0.37734375 0.56328125 0.10078125 0.0625
12 0.37109375 0.36328125 0.10546875 0.06953125
2 0.375 0.72421875 0.1 0.0640625
10 0.52890625 0.35859375 0.10078125 0.059375
7 0.72109375 0.45546875 0.10546875 0.05859375
6 0.528125 0.46015625 0.09921875 0.05546875
8 0.371875 0.465625 0.1078125 0.06796875