9 0.55234375 0.4859375 0.5515625 0.30625
3 0.55 0.578125 0.1015625 0.05703125
0 0.5828125 0.73125 0.090625 0.05859375
11 0.70078125 0.3828125 0.09921875 0.06015625
2 0.38984375 0.7484375 0.1015625 0.0640625
4 0.72421875 0.57890625 0.10859375 0.05859375
1 0.775 0.7234375 0.10078125 0.06171875
12 0.36953125 0.3921875 0.10390625 0.06796875
5 0.38359375 0.5875 0.10390625 0.06328125
7 0.71328125 0.47734375 0.10234375 0.05859375
10 0.52265625 0.38671875 0.096875 0.05625
6 0.52578125 0.48515625 0.09296875 0.0546875
8 0.37578125 0.48984375 0.10390625 0.06484375