9 0.375 0.51875 0.309375 0.6828125
4 0.3359375 0.30859375 0.0640625 0.11796875
4 0.4609375 0.309375 0.0703125 0.12578125
4 0.23671875 0.31015625 0.0375 0.11171875
1 0.7109375 0.39375 0.084375 0.1515625
2 0.671875 0.9359375 0.08359375 0.128125
5 0.33984375 0.72109375 0.08984375 0.13515625
5 0.4609375 0.73203125 0.0796875 0.1265625
7 0.69609375 0.75078125 0.08125 0.15
0 0.45546875 0.52421875 0.071875 0.1234375
11 0.65 0.31328125 0.08046875 0.1453125
5 0.23984375 0.7109375 0.04296875 0.11328125
12 0.2921875 0.95390625 0.07890625 0.0921875
6 0.3328125 0.5359375 0.0703125 0.11875
10 0.23515625 0.53203125 0.0328125 0.128125
8 0.49375 0.96171875 0.0703125 0.07421875