4 0.4171875 0.47421875 0.071875 0.1234375
5 0.6484375 0.45703125 0.06953125 0.13515625
4 0.42421875 0.68984375 0.0703125 0.11484375
4 0.43125 0.8828125 0.06640625 0.11796875
5 0.64921875 0.8671875 0.06640625 0.1453125
5 0.64921875 0.66171875 0.0734375 0.15703125
9 0.52890625 0.665625 0.3765625 0.65078125
2 0.7609375 0.084375 0.0859375 0.1421875
11 0.40859375 0.1421875 0.0765625 0.1484375
12 0.78984375 0.7359375 0.0765625 0.1359375
1 0.45 0.05390625 0.08125 0.1078125
6 0.54921875 0.678125 0.07109375 0.125
0 0.5359375 0.475 0.0671875 0.1171875
8 0.65 0.0609375 0.084375 0.12109375
8 0.7921875 0.3890625 0.07734375 0.121875
10 0.54921875 0.8921875 0.06484375 0.121875