5 0.4765625 0.365625 0.1453125 0.0984375
5 0.46875 0.63359375 0.1515625 0.096875
5 0.471875 0.49765625 0.15625 0.1046875
12 0.17890625 0.45234375 0.1484375 0.090625
1 0.940625 0.61328125 0.11875 0.0859375
11 0.925 0.340625 0.1390625 0.09375
7 0.934375 0.46875 0.13125 0.084375
8 0.159375 0.68828125 0.1546875 0.0890625
10 0.68984375 0.35 0.13125 0.0828125
0 0.71015625 0.61875 0.1453125 0.0859375
6 0.7078125 0.45 0.725 0.4546875 0.7375 0.4625 0.740625 0.46875 0.7453125 0.471875 0.746875 0.4875 0.7421875 0.4921875 0.7390625 0.5 0.7359375 0.5 0.73125 0.50625 0.7125 0.515625 0.7 0.51875 0.6984375 0.5171875 0.69375 0.5203125 0.6578125 0.51875 0.653125 0.5140625 0.6375 0.509375 0.6234375 0.4953125 0.621875 0.4796875 0.6234375 0.475 0.63125 0.4703125 0.634375 0.465625 0.6375 0.465625 0.640625 0.4609375 0.6609375 0.4546875 0.6671875 0.45 0.6921875 0.45 0.69375 0.4484375 0.70625 0.45
9 1 0.54413195625 0.984576084375 0.27918125 0.336087665625 0.308883178125 0.31518558125 0.7235021046875 1 0.701633846875 1 0.54413195625