3 0.56171875 0.75390625 0.071875 0.121875
4 0.42109375 0.5484375 0.08046875 0.13359375
3 0.55 0.5453125 0.07421875 0.128125
4 0.42890625 0.77265625 0.0734375 0.11953125
3 0.56171875 0.9515625 0.06875 0.096875
4 0.43828125 0.95390625 0.0671875 0.09140625
0 0.57890625 0.1984375 0.071875 0.125
9 0.53984375 0.696875 0.40859375 0.60625
1 0.453125 0.07109375 0.090625 0.14140625
2 0.6828125 0.5421875 0.0796875 0.1421875
7 0.50625 0.2265625 0.090625 0.17265625
12 0.67578125 0.94140625 0.08046875 0.11640625
10 0.55703125 0.06015625 0.07109375 0.11953125
8 0.67890625 0.75 0.0859375 0.16015625
6 0.6234375 0 0.6390625 0 0.6421875 0.0046875 0.646875 0.00625 0.65625 0.0234375 0.6625 0.046875 0.6625 0.0796875 0.6578125 0.09375 0.6578125 0.1015625 0.6515625 0.1140625 0.6390625 0.128125 0.6296875 0.1296875 0.628125 0.1328125 0.6203125 0.1328125 0.61875 0.1296875 0.6078125 0.1265625 0.596875 0.1078125 0.596875 0.1 0.5921875 0.0890625 0.5921875 0.0671875 0.5953125 0.0546875 0.596875 0.03125 0.6140625 0.00625 0.6234375 0.0015625
11 0.403125 0.115625 0.409375 0.121875 0.4125 0.121875 0.41875 0.128125 0.4421875 0.1421875 0.4484375 0.1546875 0.4421875 0.2015625 0.4359375 0.221875 0.4359375 0.2328125 0.4328125 0.2375 0.4296875 0.2578125 0.425 0.2609375 0.415625 0.2578125 0.4046875 0.2484375 0.3953125 0.2453125 0.3921875 0.240625 0.3859375 0.2390625 0.3828125 0.234375 0.375 0.2328125 0.3671875 0.221875 0.3671875 0.20625 0.3703125 0.1984375 0.3765625 0.15625 0.38125 0.1421875 0.38125 0.13125 0.384375 0.1265625 0.3859375 0.115625 0.3890625 0.109375 0.3984375 0.1109375 0.4015625 0.115625