3 0.58984375 0.50546875 0.10859375 0.05625
0 0.875 0.4875 0.10859375 0.0546875
4 0.590625 0.4046875 0.11015625 0.0609375
2 0.90546875 0.6015625 0.11796875 0.0609375
9 0.42265625 0.5046875 0.5671875 0.315625
1 0.85625 0.37734375 0.1109375 0.05625
5 0.60546875 0.60234375 0.1265625 0.06171875
12 0.24296875 0.609375 0.128125 0.06171875
11 0.21171875 0.4171875 0.0765625 0.053125
10 0.23515625 0.5203125 0.1046875 0.05703125
7 0.3984375 0.4125 0.10390625 0.05625
6 0.4125 0.51875 0.0953125 0.05234375
8 0.42421875 0.60625 0.11953125 0.06328125