5 0.68125 0.43203125 0.13203125 0.06328125
5 0.48828125 0.42109375 0.14296875 0.0703125
5 0.29609375 0.41171875 0.128125 0.065625
9 0.46875 0.52265625 0.6046875 0.35
0 0.2921875 0.5140625 0.11953125 0.06171875
8 0.26328125 0.271875 0.12109375 0.0703125
1 0.27109375 0.62265625 0.11484375 0.06484375
12 0.58671875 0.29296875 0.11796875 0.06640625
10 0.678125 0.52734375 0.11640625 0.06015625
6 0.48359375 0.51484375 0.1078125 0.05859375
11 0.65625 0.6359375 0.11171875 0.0609375
7 0.471875 0.63046875 0.109375 0.0640625
2 0.021875 0.2984375 0.0421875 0.04609375