4 0.4078125 0.653125 0.115625 0.06875
4 0.40078125 0.42421875 0.125 0.06875
4 0.403125 0.5421875 0.121875 0.065625
9 0.603125 0.540625 0.65 0.35625
1 0.39453125 0.24921875 0.10625 0.059375
0 0.603125 0.42578125 0.11875 0.06875
2 0.81015625 0.4171875 0.128125 0.078125
11 0.8515625 0.2625 0.140625 0.0828125
12 0.81171875 0.659375 0.134375 0.084375
10 0.6203125 0.66328125 0.11875 0.0703125
8 0.809375 0.5359375 0.13125 0.08125
6 0.62265625 0.5390625 0.1125 0.065625
7 0.5984375 0.25859375 0.140625 0.0796875