1 0.88125 0.57265625 0.1203125 0.0625
2 0.61953125 0.3265625 0.1234375 0.071875
3 0.60234375 0.4328125 0.115625 0.065625
0 0.8984375 0.4578125 0.11875 0.0640625
4 0.60390625 0.53828125 0.115625 0.06875
12 0.23984375 0.31484375 0.1328125 0.075
11 0.2265625 0.51640625 0.1125 0.0640625
7 0.40625 0.52734375 0.1078125 0.0625
8 0.4296875 0.32109375 0.1203125 0.0734375
10 0.23125 0.409375 0.1109375 0.065625
6 0.41875 0.41484375 0.1015625 0.0609375
9 0.7316065515625 0.268053475 0.161785090625 0.25047709687499997 0.1218421890625 0.5725675453125 0.705572765625 0.6055003937500001 0.7316065515625 0.268053475