2 0.346875 0.7453125 0.1171875 0.0765625
1 0.7421875 0.675 0.10625 0.0703125
0 0.5453125 0.7046875 0.1 0.06875
4 0.675 0.53203125 0.11875 0.071875
12 0.2921875 0.3765625 0.1140625 0.0828125
11 0.63125 0.3328125 0.1046875 0.071875
8 0.31015625 0.47734375 0.11875 0.078125
3 0.49609375 0.55 0.1109375 0.0703125
5 0.32734375 0.5765625 0.1171875 0.078125
7 0.6515625 0.425 0.10625 0.06875
10 0.44921875 0.35625 0.103125 0.06875
6 0.4609375 0.4546875 0.096875 0.0625
9 0.7189144421875 0.26896841718750003 0.1872200796875 0.35081993749999996 0.225376940625 0.6526508093750001 0.7959921921875 0.57392211875 0.7189144421875 0.26896841718750003