9 0.52421875 0.39453125 0.31640625 0.5609375
3 0.51328125 0.2421875 0.05546875 0.10234375
3 0.5390625 0.57421875 0.053125 0.10625
5 0.6125 0.3859375 0.06484375 0.12734375
3 0.53046875 0.40078125 0.0515625 0.09609375
5 0.621875 0.5578125 0.059375 0.1234375
5 0.603125 0.21640625 0.05703125 0.109375
11 0.44140625 0.5828125 0.05546875 0.10078125
12 0.7359375 0.43359375 0.06171875 0.11015625
1 0.41875 0.24765625 0.05703125 0.10703125
8 0.72109375 0.14765625 0.0640625 0.115625
7 0.42890625 0.4203125 0.05546875 0.09921875