4 0.584375 0.6453125 0.11015625 0.0671875
3 0.7953125 0.54140625 0.11875 0.0609375
5 0.79921875 0.44765625 0.13515625 0.06484375
5 0.60546875 0.4328125 0.14765625 0.071875
3 0.40859375 0.5234375 0.115625 0.06328125
3 0.5984375 0.528125 0.1125 0.06171875
4 0.37890625 0.6359375 0.12265625 0.0703125
5 0.41328125 0.41640625 0.128125 0.065625
2 0.1703125 0.403125 0.11171875 0.07109375
9 0.584375 0.5375 0.62578125 0.37109375
0 0.14453125 0.52265625 0.11484375 0.05859375
12 0.07890625 0.7078125 0.13046875 0.06875
8 0.18203125 0.32265625 0.11640625 0.07578125
7 0.10234375 0.58046875 0.1296875 0.06796875
10 0.0578125 0.47265625 0.11484375 0.0640625
1 0.06875 0.6421875 0.11875 0.0609375
11 0.7828125 0.65546875 0.1109375 0.06328125
6 0.159375 0.4625 0.1078125 0.05859375