3 0.5609375 0.55234375 0.0671875 0.1
3 0.52265625 0.7015625 0.06875 0.103125
5 0.60546875 0.7328125 0.071875 0.115625
5 0.634375 0.5734375 0.078125 0.128125
9 0.55 0.55390625 0.375 0.5484375
3 0.59140625 0.3953125 0.0640625 0.1015625
5 0.66640625 0.41953125 0.0734375 0.1203125
1 0.43515625 0.68671875 0.06875 0.103125
2 0.6328125 0.9828125 0.06875 0.034375
12 0.753125 0.5375 0.0765625 0.1078125
11 0.50625 0.37578125 0.0671875 0.1046875
7 0.47109375 0.52421875 0.065625 0.0984375
6 0.4078125 0.9609375 0.0578125 0.0671875
0 0.56953125 0.98671875 0.0578125 0.0265625
2 0.69921875 0.80234375 0.0734375 0.103125