5 0.69765625 0.4234375 0.1390625 0.090625
5 0.33359375 0.35078125 0.1390625 0.0875
5 0.515625 0.3875 0.15 0.0921875
9 0.49921875 0.48828125 0.628125 0.440625
3 0.6640625 0.51953125 0.121875 0.0828125
11 0.28046875 0.53984375 0.1125 0.078125
1 0.65 0.625 0.121875 0.084375
8 0.78046875 0.3078125 0.1234375 0.090625
12 0.46640625 0.2484375 0.121875 0.0859375
2 0.98671875 0.390625 0.0265625 0.059375
7 0.4578125 0.5828125 0.1125 0.078125
10 0.30546875 0.43828125 0.1203125 0.078125
0 0.98828125 0.55390625 0.0234375 0.0453125
6 0.4875 0.475 0.1078125 0.0734375