3 0.43984375 0.45625 0.1109375 0.078125
9 0.45625 0.55 0.6125 0.4234375
1 0.1921875 0.3609375 0.1171875 0.0859375
11 0.321875 0.6859375 0.1140625 0.0828125
4 0.265625 0.49296875 0.1171875 0.08125
0 0.38203125 0.31171875 0.103125 0.078125
5 0.60546875 0.4109375 0.1125 0.0828125
12 0.65625 0.60390625 0.11875 0.0921875
2 0.57109375 0.253125 0.1125 0.084375
10 0.50390625 0.64453125 0.1109375 0.08125
7 0.29453125 0.59296875 0.115625 0.08125
6 0.48125 0.5453125 0.109375 0.0765625
8 0.6328125 0.5046875 0.1203125 0.090625