3 0.59296875 0.47578125 0.11484375 0.06171875
3 0.20703125 0.4578125 0.1171875 0.0609375
3 0.40390625 0.4703125 0.11171875 0.0625
9 0.4171875 0.46328125 0.62734375 0.3671875
4 0.6234375 0.36484375 0.1234375 0.07109375
4 0.41796875 0.35625 0.1109375 0.0671875
5 0.20234375 0.55390625 0.1296875 0.0640625
5 0.5890625 0.58046875 0.1296875 0.06875
5 0.39453125 0.5671875 0.140625 0.07109375
12 0.92265625 0.29296875 0.1375 0.0703125
7 0.89921875 0.4203125 0.1328125 0.06875
0 0.85625 0.47890625 0.1140625 0.05859375
1 0.93359375 0.359375 0.121875 0.0640625
2 0.83359375 0.596875 0.11171875 0.0703125
8 0.821875 0.67734375 0.11875 0.07421875
6 0.8421875 0.5375 0.1109375 0.059375
10 0.94375 0.52734375 0.1125 0.0640625
11 0.2234375 0.3453125 0.12109375 0.0640625