3 0.71484375 0.5375 0.08984375 0.04921875
4 0.7140625 0.45625 0.08828125 0.04921875
9 0.58203125 0.53828125 0.4625 0.26015625
5 0.584375 0.61796875 0.11171875 0.0546875
5 0.72890625 0.61484375 0.09765625 0.04921875
2 0.959375 0.6125 0.08046875 0.05078125
6 0.57578125 0.5484375 0.08125 0.04609375
0 0.9390625 0.521875 0.0875 0.04296875
7 0.56328125 0.4625 0.08125 0.046875
10 0.42890625 0.55078125 0.0828125 0.04609375
12 0.4390625 0.62421875 0.09609375 0.0515625
11 0.4265625 0.46875 0.0859375 0.046875
1 0.921875 0.43359375 0.09140625 0.04609375
8 0.9421875 0.6703125 0.09453125 0.0546875