3 0.58046875 0.51328125 0.1171875 0.06171875
4 0.38515625 0.41015625 0.103125 0.06171875
3 0.3984375 0.5203125 0.10859375 0.0578125
4 0.58359375 0.40625 0.1171875 0.065625
2 0.91015625 0.6171875 0.11796875 0.0671875
9 0.40234375 0.509375 0.58828125 0.33515625
0 0.88671875 0.496875 0.115625 0.05859375
5 0.4046875 0.6140625 0.14140625 0.06640625
1 0.875 0.375 0.121875 0.06328125
5 0.59375 0.615625 0.12734375 0.06328125
12 0.209375 0.61640625 0.1390625 0.06796875
8 0.875 0.6953125 0.12109375 0.0703125
11 0.196875 0.41484375 0.12265625 0.05703125
7 0.946875 0.43984375 0.10546875 0.065625
6 0.87109375 0.559375 0.10703125 0.0578125
10 0.20390625 0.5234375 0.11171875 0.059375