2 0.56640625 0.4984375 0.1890625 0.1109375
0 0.175 0.50703125 0.1703125 0.1015625
12 0.634375 0.67890625 0.1921875 0.1296875
1 0.38046875 0.7328125 0.2171875 0.1421875
11 0.88515625 0.459375 0.2171875 0.13125
7 0.275 0.40546875 0.2140625 0.1328125
8 0.12109375 0.60703125 0.2109375 0.109375
10 0.5 0.3375 0.5015625 0.3390625 0.5078125 0.3375 0.515625 0.3421875 0.51875 0.340625 0.5234375 0.3453125 0.528125 0.3453125 0.5421875 0.353125 0.553125 0.365625 0.55625 0.375 0.55625 0.3875 0.553125 0.3890625 0.5515625 0.3984375 0.53125 0.415625 0.51875 0.421875 0.509375 0.421875 0.5046875 0.425 0.4828125 0.428125 0.478125 0.4265625 0.4671875 0.428125 0.4640625 0.425 0.4515625 0.425 0.4453125 0.421875 0.4390625 0.421875 0.4359375 0.41875 0.428125 0.41875 0.4203125 0.4140625 0.40625 0.4 0.40625 0.3921875 0.403125 0.3890625 0.403125 0.375 0.409375 0.365625 0.41875 0.3578125 0.421875 0.3578125 0.425 0.353125 0.434375 0.3484375 0.4390625 0.3484375 0.440625 0.3453125 0.4515625 0.3453125 0.4546875 0.3421875 0.4640625 0.3421875 0.4671875 0.3390625 0.478125 0.3375 0.4984375 0.3375
6 0.740625 0.271875 0.7421875 0.2734375 0.74375 0.271875 0.7625 0.2734375 0.7875 0.28125 0.796875 0.290625 0.8015625 0.2921875 0.8046875 0.309375 0.803125 0.31875 0.8 0.3203125 0.7921875 0.334375 0.7890625 0.334375 0.78125 0.3453125 0.7609375 0.3578125 0.75 0.3578125 0.746875 0.3609375 0.7359375 0.3625 0.728125 0.3609375 0.7125 0.3625 0.7046875 0.359375 0.6953125 0.359375 0.675 0.3515625 0.6671875 0.346875 0.6578125 0.3359375 0.6546875 0.3203125 0.65625 0.3109375 0.6625 0.3015625 0.6703125 0.29375 0.6859375 0.284375 0.71875 0.2734375 0.7390625 0.271875
4 0.0640625 0.05 0.06875 0.0546875 0.06875 0.0625 0.071875 0.065625 0.0703125 0.0734375 0.078125 0.090625 0.0796875 0.1171875 0.0765625 0.1234375 0.06875 0.125 0.0546875 0.1328125 0.04375 0.1328125 0.0375 0.1359375 0.01875 0.1375 0 0.1421875 0 0.0578125 0.0625 0.0515625
4 0.34375 0.015625 0.3453125 0.01875 0.35625 0.0203125 0.3578125 0.0234375 0.359375 0.0359375 0.3578125 0.046875 0.3609375 0.0578125 0.3640625 0.0609375 0.3609375 0.06875 0.35625 0.071875 0.346875 0.071875 0.3421875 0.075 0.334375 0.0734375 0.3078125 0.0828125 0.2875 0.084375 0.2828125 0.0875 0.2734375 0.0890625 0.2703125 0.0921875 0.2640625 0.090625 0.2578125 0.09375 0.2453125 0.0953125 0.240625 0.09375 0.2296875 0.0953125 0.2234375 0.0921875 0.221875 0.0828125 0.2171875 0.078125 0.215625 0.0578125 0.2109375 0.0515625 0.2125 0.05 0.209375 0.04375 0.2109375 0.0328125 0.3421875 0.0171875
4 0.4734375 0 0.6296875 0 0.63125 0.00625 0.6234375 0.015625 0.6 0.0171875 0.5734375 0.0265625 0.5515625 0.028125 0.5453125 0.03125 0.5390625 0.0296875 0.5234375 0.0375 0.4875 0.040625 0.478125 0.034375 0.478125 0.0296875 0.475 0.0234375 0.471875 0.021875 0.46875 0.0046875 0.4734375 0.0015625