3 0.4359375 0.67890625 0.06875 0.1125
3 0.5515625 0.671875 0.0703125 0.115625
3 0.31328125 0.67265625 0.075 0.1203125
5 0.3140625 0.86015625 0.084375 0.125
5 0.55546875 0.87890625 0.078125 0.128125
5 0.43515625 0.8671875 0.0890625 0.134375
9 0.4375 0.66484375 0.3609375 0.65
0 0.76484375 0.75625 0.0375 0.11875
11 0.315625 0.46171875 0.06875 0.1125
6 0.759375 0.5484375 0.046875 0.109375
7 0.43515625 0.459375 0.06875 0.11875
10 0.7640625 0.94140625 0.0375 0.1015625
1 0.5609375 0.459375 0.0734375 0.13125