3 0.36875 0.36484375 0.09375 0.053125
5 0.51875 0.3578125 0.09609375 0.0578125
4 0.20859375 0.36484375 0.09921875 0.05390625
9 0.36328125 0.44921875 0.50703125 0.27890625
1 0.1609375 0.23984375 0.0921875 0.0421875
0 0.33828125 0.2359375 0.08203125 0.03203125
11 0.228125 0.5421875 0.09453125 0.053125
12 0.53046875 0.5359375 0.09296875 0.06015625
10 0.39140625 0.54140625 0.0890625 0.053125
7 0.2171875 0.45859375 0.09765625 0.0515625
8 0.52578125 0.446875 0.09453125 0.0609375
6 0.38828125 0.45234375 0.0859375 0.0484375