3 0.6859375 0.39296875 0.1171875 0.06171875
3 0.3046875 0.37265625 0.1140625 0.0578125
5 0.32734375 0.28203125 0.1328125 0.0640625
4 0.47578125 0.49140625 0.109375 0.06484375
3 0.503125 0.378125 0.1078125 0.05859375
4 0.67734375 0.503125 0.11953125 0.06640625
5 0.51875 0.2859375 0.1453125 0.0671875
5 0.71171875 0.2890625 0.134375 0.065625
9 0.51015625 0.39609375 0.63125 0.34765625
1 0.9546875 0.5359375 0.090625 0.065625
12 0.94296875 0.5984375 0.1140625 0.06796875
2 0.95546875 0.30546875 0.0890625 0.06484375
0 0.94296875 0.41953125 0.11328125 0.0578125
7 0.95234375 0.4765625 0.09453125 0.0625
6 0.94609375 0.36015625 0.1078125 0.05703125
8 0.95546875 0.23125 0.0875 0.078125
11 0.2875 0.47890625 0.11953125 0.06171875