5 0.31484375 0.5953125 0.1125 0.084375
4 0.5859375 0.45390625 0.1015625 0.0703125
2 0.2609375 0.3765625 0.0984375 0.071875
0 0.4296875 0.3546875 0.0890625 0.065625
3 0.4390625 0.4875 0.0953125 0.0671875
9 0.4609375 0.56328125 0.5140625 0.3484375
5 0.2953125 0.5125 0.103125 0.071875
11 0.6140625 0.621875 0.0859375 0.0640625
1 0.59140625 0.32578125 0.0953125 0.06875
12 0.33046875 0.68125 0.1 0.0796875
8 0.15703125 0.41640625 0.109375 0.0734375
7 0.6015625 0.540625 0.0921875 0.065625
10 0.46328125 0.65390625 0.09375 0.0671875
6 0.44140625 0.571875 0.0921875 0.0640625