2 0.715625 0.675 0.134375 0.071875
4 0.2859375 0.55390625 0.1390625 0.078125
5 0.6828125 0.409375 0.1375 0.09375
5 0.6625 0.28359375 0.1328125 0.0921875
12 0.1515625 0.73203125 0.1328125 0.0890625
3 0.4921875 0.415625 0.128125 0.0734375
5 0.70390625 0.52734375 0.13125 0.08125
4 0.26875 0.428125 0.13125 0.071875
3 0.496875 0.5328125 0.1265625 0.075
7 0.38515625 0.7140625 0.128125 0.0828125
9 0.48203125 0.4203125 0.7203125 0.4046875
1 0.27265625 0.734375 0.1171875 0.078125
0 0.496875 0.68828125 0.109375 0.071875
11 0.24609375 0.30859375 0.13125 0.0796875
8 0.87265625 0.665625 0.14375 0.075
6 0.609375 0.68203125 0.109375 0.0671875
10 0.4734375 0.290625 0.1203125 0.0765625