4 0.65078125 0.434375 0.084375 0.1359375
3 0.53671875 0.69453125 0.08203125 0.14375
3 0.509375 0.465625 0.0765625 0.134375
4 0.6703125 0.6796875 0.0859375 0.14921875
3 0.496875 0.22421875 0.075 0.140625
9 0.525 0.47734375 0.45703125 0.79140625
4 0.63125 0.21484375 0.0765625 0.140625
11 0.69140625 0.984375 0.059375 0.03046875
12 0.3921875 0.16875 0.403125 0.165625 0.4078125 0.171875 0.4078125 0.190625 0.4109375 0.20625 0.409375 0.209375 0.4109375 0.2109375 0.4109375 0.2453125 0.4125 0.246875 0.4109375 0.2515625 0.4125 0.253125 0.4140625 0.328125 0.4078125 0.3265625 0.384375 0.303125 0.371875 0.2953125 0.365625 0.2890625 0.365625 0.2859375 0.359375 0.2828125 0.340625 0.2640625 0.3375 0.25625 0.3328125 0.2515625 0.3328125 0.2375 0.3375 0.234375 0.3375 0.23125 0.34375 0.225 0.3515625 0.2203125 0.359375 0.20625 0.365625 0.2015625 0.3703125 0.19375 0.375 0.190625 0.375 0.1875 0.3921875 0.1703125
8 0.4171875 0.4109375 0.415625 0.4125 0.41875 0.434375 0.4171875 0.446875 0.421875 0.4671875 0.4203125 0.4796875 0.425 0.490625 0.4234375 0.49375 0.425 0.5203125 0.4234375 0.521875 0.428125 0.5296875 0.428125 0.5453125 0.4265625 0.546875 0.428125 0.5578125 0.421875 0.5640625 0.409375 0.559375 0.4078125 0.5546875 0.390625 0.5453125 0.390625 0.5421875 0.378125 0.5296875 0.371875 0.5265625 0.36875 0.521875 0.353125 0.5140625 0.346875 0.503125 0.346875 0.4875 0.3515625 0.4828125 0.35625 0.471875 0.365625 0.4640625 0.3703125 0.453125 0.3953125 0.4296875 0.396875 0.425 0.403125 0.421875 0.4109375 0.4125 0.415625 0.4109375
2 0.425 0.65625 0.4328125 0.65625 0.434375 0.659375 0.434375 0.665625 0.43125 0.66875 0.4328125 0.6921875 0.4359375 0.703125 0.434375 0.7046875 0.4359375 0.709375 0.4359375 0.7328125 0.434375 0.734375 0.4359375 0.7359375 0.4359375 0.7953125 0.434375 0.803125 0.4296875 0.8078125 0.425 0.8078125 0.403125 0.7859375 0.3953125 0.784375 0.3890625 0.7734375 0.38125 0.7703125 0.3734375 0.7609375 0.365625 0.7578125 0.35625 0.7484375 0.35625 0.740625 0.3609375 0.73125 0.365625 0.728125 0.365625 0.725 0.3703125 0.7203125 0.3703125 0.7171875 0.375 0.7140625 0.378125 0.70625 0.390625 0.696875 0.390625 0.69375 0.421875 0.6640625 0.425 0.6578125