9 0.465625 0.54765625 0.4578125 0.296875
3 0.5921875 0.565625 0.0875 0.0546875
4 0.60703125 0.4921875 0.084375 0.0546875
2 0.8140625 0.671875 0.0953125 0.0578125
5 0.45546875 0.621875 0.1109375 0.0640625
5 0.590625 0.63984375 0.0953125 0.05625
12 0.3171875 0.60546875 0.1015625 0.0609375
0 0.80390625 0.584375 0.0859375 0.0515625
1 0.80546875 0.50234375 0.0890625 0.053125
10 0.32265625 0.5359375 0.084375 0.0546875
11 0.334375 0.45859375 0.084375 0.0515625
7 0.46328125 0.47421875 0.084375 0.053125
6 0.459375 0.5546875 0.078125 0.05
8 0.778125 0.71953125 0.090625 0.059375