3 0.3890625 0.52265625 0.05859375 0.09375
3 0.48671875 0.515625 0.05625 0.09609375
3 0.5796875 0.49765625 0.05859375 0.09921875
9 0.48671875 0.49375 0.31015625 0.54765625
5 0.396875 0.67265625 0.0671875 0.1
5 0.59140625 0.6640625 0.065625 0.10390625
5 0.4921875 0.665625 0.0703125 0.109375
2 0.75703125 0.81328125 0.05078125 0.12265625
0 0.76484375 0.540625 0.03828125 0.0953125
1 0.57734375 0.32421875 0.05859375 0.1015625
12 0.4625 0.871875 0.06171875 0.11015625
6 0.75703125 0.36796875 0.053125 0.09296875
12 0.38359375 0.3515625 0.059375 0.096875
12 0.62578125 0.86484375 0.05703125 0.10859375
7 0.4765625 0.33515625 0.0546875 0.09609375
10 0.7640625 0.690625 0.03984375 0.09453125