2 0.871875 0.6625 0.1359375 0.0875
0 0.86796875 0.53671875 0.1234375 0.078125
1 0.88359375 0.415625 0.1328125 0.084375
12 0.1640625 0.52734375 0.1484375 0.090625
2 0.55078125 0.5984375 0.134375 0.0859375
11 0.19296875 0.31953125 0.125 0.08125
9 0.3875 0.45859375 0.65625 0.44375
7 0.58984375 0.38828125 0.125 0.0828125
3 0.56015625 0.49453125 0.121875 0.0796875
7 0.3828125 0.3515625 0.1234375 0.08125
8 0.35859375 0.56484375 0.1359375 0.0890625
10 0.1796875 0.43203125 0.1265625 0.0828125
6 0.36875 0.46953125 0.1125 0.0765625