3 0.5171875 0.50546875 0.09375 0.0609375
5 0.5296875 0.43046875 0.1234375 0.0734375
2 0.9296875 0.49140625 0.1046875 0.0671875
5 0.6828125 0.4546875 0.1109375 0.0671875
4 0.65625 0.61953125 0.0984375 0.0640625
9 0.521875 0.51484375 0.5125 0.3390625
3 0.66328125 0.5328125 0.1 0.0625
1 0.87578125 0.67265625 0.109375 0.065625
0 0.8984375 0.58359375 0.0984375 0.0578125
8 0.91015625 0.4265625 0.10625 0.06875
12 0.375 0.40390625 0.1140625 0.0703125
10 0.36171875 0.48046875 0.1 0.0640625
7 0.49609375 0.59296875 0.0953125 0.0609375
11 0.35234375 0.56875 0.0953125 0.0609375
6 0.89453125 0.53203125 0.090625 0.0578125