4 0.6109375 0.3734375 0.1203125 0.0875
3 0.79765625 0.515625 0.128125 0.0828125
5 0.78359375 0.60859375 0.1453125 0.0890625
5 0.590625 0.5859375 0.159375 0.0984375
3 0.41484375 0.459375 0.125 0.084375
3 0.60234375 0.49140625 0.121875 0.0828125
4 0.40703125 0.34375 0.134375 0.0921875
5 0.39921875 0.565625 0.1390625 0.0890625
2 0.1578125 0.53203125 0.1234375 0.090625
9 0.58984375 0.47890625 0.684375 0.484375
0 0.15546875 0.41015625 0.1234375 0.0796875
12 0.1265625 0.215625 0.140625 0.0921875
8 0.15390625 0.61328125 0.128125 0.096875
7 0.125 0.3453125 0.140625 0.0921875
10 0.06171875 0.4421875 0.1234375 0.084375
1 0.10390625 0.278125 0.128125 0.0828125
11 0.80703125 0.4015625 0.1203125 0.0828125
6 0.15859375 0.471875 0.1171875 0.078125