9 0.43984375 0.50546875 0.334375 0.5328125
3 0.3484375 0.51484375 0.0625 0.0890625
3 0.52421875 0.5078125 0.059375 0.09375
3 0.43828125 0.51796875 0.0578125 0.0890625
2 0.65703125 0.796875 0.065625 0.109375
5 0.340625 0.65234375 0.0703125 0.096875
0 0.690625 0.5609375 0.059375 0.0875
5 0.4296875 0.65390625 0.075 0.1046875
5 0.51796875 0.6578125 0.0640625 0.096875
12 0.378125 0.84765625 0.0671875 0.1015625
6 0.690625 0.41015625 0.05625 0.0859375
11 0.35859375 0.36015625 0.0625 0.090625
0 0.54140625 0.3546875 0.0609375 0.0953125
8 0.5296875 0.8421875 0.059375 0.1015625
10 0.675 0.69375 0.0578125 0.0875
7 0.446875 0.35546875 0.059375 0.0921875