2 0.928125 0.440625 0.13125 0.08125
5 0.60703125 0.39921875 0.1328125 0.0796875
5 0.43203125 0.375 0.14375 0.084375
1 0.84921875 0.67265625 0.1234375 0.0765625
3 0.58359375 0.49765625 0.115625 0.075
4 0.5734375 0.60234375 0.115625 0.0765625
9 0.42265625 0.4765625 0.60625 0.409375
12 0.24375 0.346875 0.140625 0.0828125
8 0.8953125 0.359375 0.121875 0.084375
11 0.21328125 0.5390625 0.125 0.0734375
0 0.88359375 0.5578125 0.1125 0.0703125
0 0.23046875 0.4359375 0.115625 0.0734375
7 0.37890625 0.56953125 0.11875 0.0734375
6 0.40234375 0.4609375 0.1125 0.0734375