3 0.4453125 0.4421875 0.11875 0.06875
4 0.45546875 0.54921875 0.115625 0.0703125
0 0.753125 0.4359375 0.1125 0.065625
1 0.746875 0.55546875 0.115625 0.0671875
7 0.24921875 0.5609375 0.121875 0.0671875
2 0.446875 0.33046875 0.134375 0.075
12 0.06328125 0.36015625 0.1265625 0.0765625
6 0.24921875 0.44375 0.10625 0.0625
10 0.059375 0.45859375 0.11875 0.0703125
11 0.0640625 0.56953125 0.125 0.06875
8 0.25234375 0.3484375 0.1390625 0.0765625
9 0 0.44946254999999996 0.0148793515625 0.6376909015625001 0.5586056328125 0.6151081625 0.5645946484375 0.268925378125 0 0.30840568125 0 0.44946254999999996