5 0.33046875 0.4453125 0.1609375 0.0890625
5 0.56484375 0.43984375 0.178125 0.0921875
5 0.7953125 0.4359375 0.165625 0.0828125
1 0.33125 0.7109375 0.1390625 0.0890625
12 0.66328125 0.27734375 0.15 0.0859375
11 0.80703125 0.68515625 0.146875 0.0828125
0 0.33984375 0.57265625 0.14375 0.08125
8 0.265625 0.2796875 0.1421875 0.0890625
7 0.5796875 0.6984375 0.140625 0.0875
6 0.57265625 0.55390625 0.1484375 0.0859375
10 0.828125 0.5171875 0.8546875 0.5234375 0.8734375 0.5375 0.875 0.540625 0.8734375 0.5640625 0.8640625 0.5734375 0.846875 0.5796875 0.8453125 0.5828125 0.815625 0.5859375 0.771875 0.5828125 0.765625 0.578125 0.759375 0.578125 0.7453125 0.565625 0.74375 0.55625 0.740625 0.5546875 0.74375 0.553125 0.7453125 0.540625 0.7578125 0.528125 0.7625 0.528125 0.7703125 0.5234375 0.778125 0.5234375 0.7921875 0.5171875 0.8125 0.5171875 0.8140625 0.515625 0.8265625 0.5171875