4 0.2734375 0.60625 0.1359375 0.0875
4 0.23828125 0.49453125 0.1265625 0.08125
3 0.44453125 0.45390625 0.1265625 0.08125
2 0.703125 0.6546875 0.134375 0.0828125
3 0.40234375 0.34921875 0.1203125 0.0828125
3 0.46796875 0.55703125 0.125 0.08125
5 0.6546875 0.52578125 0.1265625 0.090625
5 0.6109375 0.42265625 0.134375 0.0984375
0 0.49296875 0.70234375 0.1125 0.08125
5 0.56875 0.32109375 0.1234375 0.090625
9 0.4328125 0.465625 0.7046875 0.453125
7 0.28984375 0.77734375 0.1171875 0.0828125
12 0.1703125 0.79140625 0.1359375 0.09375
7 0.3953125 0.7421875 0.13125 0.090625
8 0.8421875 0.62734375 0.1390625 0.084375
10 0.5890625 0.73671875 0.11875 0.0796875
11 0.20390625 0.38671875 0.121875 0.08125
6 0.596875 0.6765625 0.1109375 0.075