5 0.70390625 0.37890625 0.1234375 0.0734375
5 0.67734375 0.5984375 0.115625 0.078125
5 0.690625 0.4890625 0.12734375 0.08203125
9 0.50703125 0.4828125 0.6140625 0.3390625
1 0.3171875 0.37265625 0.11796875 0.065625
10 0.50703125 0.6 0.11640625 0.0671875
6 0.5203125 0.48828125 0.1125 0.0609375
0 0.515625 0.37890625 0.11015625 0.0640625
11 0.30859375 0.59453125 0.1109375 0.065625
12 0.9296875 0.5421875 0.121875 0.0703125
8 0.9453125 0.35390625 0.10625 0.06796875
7 0.30859375 0.48828125 0.1140625 0.0625