9 0.36328125 0.3609375 0.615625 0.340625
4 0.5359375 0.4640625 0.11484375 0.06328125
5 0.5546875 0.25234375 0.12890625 0.0640625
4 0.33828125 0.4609375 0.103125 0.0609375
2 0.875 0.2484375 0.1171875 0.07265625
3 0.53671875 0.3546875 0.1171875 0.0625
5 0.36328125 0.25546875 0.13828125 0.06640625
3 0.35234375 0.35 0.1078125 0.06015625
1 0.83359375 0.49375 0.11796875 0.0640625
7 0.9203125 0.428125 0.121875 0.06875
0 0.85 0.37421875 0.1125 0.06171875
11 0.14765625 0.45546875 0.1234375 0.05859375
12 0.1640625 0.253125 0.13984375 0.0734375
8 0.84296875 0.17109375 0.1171875 0.07578125
6 0.83828125 0.31015625 0.10546875 0.0625
10 0.1578125 0.3484375 0.1109375 0.0609375