3 0.6375 0.49609375 0.11953125 0.0640625
4 0.64375 0.38515625 0.1203125 0.0671875
9 0.4546875 0.49140625 0.61328125 0.340625
2 0.95625 0.60625 0.08515625 0.0671875
5 0.64921875 0.60234375 0.1328125 0.06640625
11 0.234375 0.39140625 0.10390625 0.05859375
6 0.44609375 0.50625 0.1171875 0.06484375
1 0.93828125 0.359375 0.1234375 0.06328125
12 0.2515625 0.60390625 0.146875 0.06875
7 0.43203125 0.3890625 0.1140625 0.0640625
10 0.24765625 0.50625 0.11640625 0.0640625
0 0.9453125 0.4796875 0.109375 0.05625
8 0.4515625 0.60390625 0.1328125 0.06953125