2 0.275 0.70625 0.10625 0.0703125
3 0.5203125 0.56796875 0.103125 0.06875
5 0.52890625 0.65234375 0.1109375 0.071875
5 0.68125 0.621875 0.1234375 0.0765625
0 0.27890625 0.60390625 0.0984375 0.0640625
9 0.665625 0.53671875 0.5328125 0.3625
4 0.49765625 0.48203125 0.1 0.0671875
1 0.27109375 0.509375 0.1015625 0.0640625
12 0.8453125 0.590625 0.1265625 0.078125
11 0.81484375 0.421875 0.0984375 0.0640625
10 0.83203125 0.5109375 0.1078125 0.0703125
8 0.32265625 0.76171875 0.1046875 0.075
6 0.675 0.54375 0.0953125 0.0640625
7 0.66015625 0.4515625 0.1 0.0640625