3 0.4984375 0.50625 0.1296875 0.071875
3 0.29375 0.50703125 0.128125 0.0734375
4 0.51171875 0.38515625 0.13125 0.078125
2 0.8640625 0.640625 0.1359375 0.08125
0 0.846875 0.503125 0.1296875 0.0703125
9 0.31875 0.49375 0.6375 0.396875
5 0.29609375 0.61171875 0.159375 0.0796875
5 0.50859375 0.621875 0.1453125 0.0765625
12 0.07578125 0.6046875 0.1515625 0.08125
1 0.8375 0.36875 0.134375 0.0734375
11 0.0734375 0.371875 0.140625 0.071875
6 0.82578125 0.57265625 0.121875 0.0703125
8 0.81796875 0.72421875 0.1359375 0.084375
7 0.2765625 0.3796875 0.1375 0.0734375
10 0.071875 0.49921875 0.13125 0.071875