0 0.5296875 0.75078125 0.103125 0.0640625
4 0.7015625 0.5828125 0.1234375 0.0671875
3 0.503125 0.57578125 0.11875 0.0671875
5 0.31484375 0.5796875 0.121875 0.075
1 0.75 0.74765625 0.109375 0.071875
2 0.30625 0.75390625 0.115625 0.0515625
9 0.51328125 0.47109375 0.6234375 0.35
12 0.31640625 0.35703125 0.1203125 0.0796875
11 0.69453125 0.35859375 0.1140625 0.071875
7 0.6984375 0.46484375 0.11875 0.0671875
6 0.48671875 0.46875 0.1140625 0.0640625
8 0.3140625 0.46953125 0.121875 0.071875
10 0.490625 0.35703125 0.115625 0.0671875