4 0.57578125 0.50703125 0.05625 0.09765625
4 0.57265625 0.33671875 0.0546875 0.0921875
5 0.3953125 0.18046875 0.05390625 0.1171875
5 0.39453125 0.5109375 0.05546875 0.10703125
5 0.39453125 0.34765625 0.059375 0.12578125
4 0.5703125 0.18046875 0.0515625 0.09921875
9 0.4859375 0.34921875 0.2921875 0.5140625
2 0.31015625 0.78828125 0.06015625 0.1015625
7 0.39375 0.81875 0.06328125 0.1125
1 0.54375 0.83125 0.0625 0.1140625
11 0.57578125 0.753125 0.05859375 0.11015625
0 0.4828125 0.50234375 0.05078125 0.09453125
6 0.475 0.33984375 0.05 0.08984375
12 0.28046875 0.28359375 0.059375 0.10859375
2 0.28359375 0.559375 0.05625 0.09453125
10 0.47578125 0.16875 0.05078125 0.10078125