5 0.71015625 0.584375 0.146875 0.075
5 0.5109375 0.60625 0.15 0.08125
9 0.49296875 0.50390625 0.6328125 0.3875
5 0.3125 0.625 0.1390625 0.0765625
0 0.30859375 0.51796875 0.1296875 0.071875
11 0.69296875 0.37578125 0.11875 0.0703125
10 0.7078125 0.4875 0.1234375 0.0703125
12 0.60859375 0.73359375 0.1328125 0.08125
7 0.496875 0.390625 0.115625 0.071875
0 0.28828125 0.4078125 0.1171875 0.071875
6 0.50546875 0.50859375 0.109375 0.065625
8 0.240625 0.7390625 0.2546875 0.7421875 0.275 0.740625 0.2828125 0.74375 0.3125 0.7421875 0.328125 0.746875 0.3296875 0.753125 0.325 0.75625 0.325 0.759375 0.30625 0.7734375 0.303125 0.7734375 0.3 0.778125 0.2703125 0.8015625 0.2625 0.80625 0.25 0.8046875 0.2421875 0.8 0.2421875 0.796875 0.2359375 0.7921875 0.2328125 0.78125 0.2265625 0.778125 0.2109375 0.7546875 0.2140625 0.746875 0.2203125 0.740625 0.225 0.7390625 0.2390625 0.740625