9 0.39765625 0.4875 0.6328125 0.4
2 0.9140625 0.553125 0.1375 0.0796875
3 0.57109375 0.475 0.13125 0.078125
0 0.8796875 0.43203125 0.121875 0.0703125
5 0.5890625 0.57890625 0.1359375 0.078125
12 0.1984375 0.61484375 0.1453125 0.08125
4 0.5703125 0.36484375 0.11875 0.075
11 0.175 0.4078125 0.115625 0.06875
7 0.36171875 0.3875 0.125 0.0734375
1 0.86171875 0.3109375 0.128125 0.0734375
6 0.38046875 0.50234375 0.1296875 0.078125
10 0.18828125 0.51953125 0.1234375 0.075
8 0.396875 0.59765625 0.1296875 0.0796875