3 0.4125 0.4421875 0.1 0.071875
4 0.22421875 0.39921875 0.1046875 0.075
4 0.253125 0.48671875 0.103125 0.0703125
3 0.37734375 0.3640625 0.0984375 0.071875
5 0.54375 0.40546875 0.1109375 0.0875
5 0.5671875 0.48984375 0.1 0.08125
9 0.396875 0.44453125 0.54375 0.378125
5 0.5203125 0.32265625 0.1046875 0.0796875
10 0.43515625 0.5296875 0.103125 0.075
11 0.27890625 0.56484375 0.103125 0.071875
2 0.48203125 0.23203125 0.075 0.05
12 0.08828125 0.32890625 0.096875 0.0515625
7 0.246875 0.28671875 0.0890625 0.046875
0 0.33125 0.26953125 0.084375 0.053125
8 0.5859375 0.20625 0.075 0.05
1 0.16953125 0.30234375 0.0765625 0.0359375