9 0.5625 0.55546875 0.4796875 0.2609375
4 0.409375 0.471875 0.08984375 0.05
3 0.559375 0.47421875 0.0875 0.04921875
5 0.7046875 0.5515625 0.10234375 0.065625
2 0.71171875 0.33046875 0.0875 0.0546875
5 0.70703125 0.46875 0.09296875 0.05546875
0 0.540625 0.34375 0.08046875 0.04921875
1 0.37734375 0.34921875 0.0859375 0.05078125
6 0.57265625 0.55703125 0.090625 0.0484375
10 0.56953125 0.64296875 0.08671875 0.05078125
12 0.7046875 0.64140625 0.0921875 0.06015625
11 0.41484375 0.64140625 0.0859375 0.05234375
7 0.4125 0.56171875 0.08359375 0.04765625
8 0.81796875 0.34765625 0.096875 0.05234375