9 0.43203125 0.4546875 0.5828125 0.3265625
3 0.43359375 0.3578125 0.109375 0.0609375
5 0.60234375 0.34765625 0.10859375 0.065625
4 0.25234375 0.36171875 0.11015625 0.06171875
12 0.628125 0.55078125 0.1078125 0.06875
6 0.46015625 0.45546875 0.1015625 0.05703125
7 0.26875 0.465625 0.1125 0.059375
11 0.28359375 0.5625 0.109375 0.06171875
10 0.4703125 0.5578125 0.10234375 0.059375
1 0.19375 0.23359375 0.09765625 0.028125
0 0.3890625 0.22734375 0.075 0.01640625
8 0.61640625 0.44765625 0.1078125 0.0671875