9 0.56484375 0.52421875 0.73828125 0.41953125
5 0.33125 0.64921875 0.15625 0.07421875
5 0.5640625 0.653125 0.17421875 0.08359375
5 0.803125 0.65703125 0.165625 0.078125
0 0.79140625 0.52734375 0.1515625 0.07578125
11 0.30078125 0.403125 0.1296875 0.071875
1 0.79140625 0.3890625 0.13828125 0.078125
12 0.4765625 0.809375 0.14921875 0.08515625
10 0.3140625 0.5359375 0.1390625 0.0734375
6 0.5515625 0.5375 0.12578125 0.06953125
7 0.5359375 0.3953125 0.1296875 0.07421875
8 0.9421875 0.7796875 0.94375 0.7828125 0.946875 0.7828125 0.9484375 0.7890625 0.953125 0.7921875 0.9546875 0.80625 0.946875 0.821875 0.9421875 0.825 0.9390625 0.834375 0.9359375 0.8359375 0.928125 0.85625 0.9171875 0.865625 0.896875 0.865625 0.8875 0.8609375 0.884375 0.85625 0.88125 0.85625 0.8703125 0.846875 0.8671875 0.846875 0.8640625 0.8421875 0.8609375 0.8421875 0.85 0.8359375 0.8484375 0.8328125 0.821875 0.81875 0.8125 0.8078125 0.8125 0.796875 0.8171875 0.79375 0.8359375 0.7921875 0.8484375 0.7875 0.8703125 0.7875 0.871875 0.7859375 0.878125 0.7875 0.890625 0.7828125 0.940625 0.7796875