4 0.340625 0.596875 0.08125 0.1171875
4 0.2421875 0.58984375 0.0828125 0.1140625
4 0.44921875 0.6015625 0.0859375 0.1234375
5 0.403125 0.24609375 0.0984375 0.13125
5 0.296875 0.24921875 0.084375 0.1140625
5 0.50859375 0.24375 0.0890625 0.121875
1 0.67734375 0.540625 0.0953125 0.1375
2 0.71875 0.0796875 0.08125 0.0984375
7 0.71640625 0.23515625 0.09375 0.1390625
9 0.390625 0.42578125 0.4390625 0.69375
12 0.39375 0.04453125 0.090625 0.0890625
8 0.56953125 0.03828125 0.071875 0.075
0 0.47265625 0.41640625 0.078125 0.109375
10 0.26171875 0.4078125 0.0796875 0.1078125
11 0.6359375 0.5515625 0.6390625 0.5546875 0.640625 0.5625 0.6390625 0.5765625 0.6421875 0.5796875 0.6453125 0.6109375 0.64375 0.628125 0.6390625 0.634375 0.634375 0.6359375 0.63125 0.640625 0.628125 0.640625 0.6203125 0.6484375 0.6125 0.65 0.609375 0.6546875 0.59375 0.6625 0.5890625 0.6546875 0.590625 0.65 0.5875 0.6390625 0.5890625 0.6375 0.5875 0.625 0.5890625 0.621875 0.584375 0.59375 0.5859375 0.578125 0.5921875 0.575 0.603125 0.5640625 0.6078125 0.5640625 0.6125 0.559375 0.6203125 0.55625 0.621875 0.553125 0.628125 0.55 0.634375 0.5515625
6 0.365625 0.35625 0.3859375 0.359375 0.3984375 0.3765625 0.396875 0.3796875 0.4 0.384375 0.3984375 0.3859375 0.4 0.4 0.396875 0.4125 0.39375 0.415625 0.39375 0.421875 0.390625 0.428125 0.3875 0.4296875 0.384375 0.4390625 0.36875 0.45 0.3515625 0.4484375 0.3453125 0.440625 0.346875 0.4390625 0.34375 0.434375 0.34375 0.428125 0.340625 0.425 0.3421875 0.415625 0.3390625 0.4109375 0.340625 0.39375 0.353125 0.3671875 0.365625 0.3578125