5 0.29921875 0.4453125 0.10078125 0.0640625
4 0.59375 0.52734375 0.09296875 0.0515625
2 0.2921875 0.6703125 0.08984375 0.05390625
0 0.46171875 0.65703125 0.0796875 0.05
3 0.44296875 0.525 0.08671875 0.05
9 0.4484375 0.44609375 0.4703125 0.25703125
5 0.296875 0.53046875 0.09375 0.05390625
11 0.5859375 0.35703125 0.07734375 0.04921875
1 0.62578125 0.6515625 0.08671875 0.0515625
12 0.29609375 0.3578125 0.0890625 0.0625
8 0.18203125 0.653125 0.1 0.053125
7 0.590625 0.4390625 0.084375 0.04921875
10 0.43203125 0.35703125 0.084375 0.05078125
6 0.428125 0.4421875 0.08359375 0.04765625