3 0.609375 0.6671875 0.08203125 0.04609375
3 0.46953125 0.68046875 0.07890625 0.04453125
9 0.47578125 0.6734375 0.4875 0.28203125
4 0.44921875 0.5953125 0.08125 0.04765625
4 0.60078125 0.58515625 0.08828125 0.0484375
5 0.3328125 0.76328125 0.10078125 0.05078125
5 0.48125 0.7515625 0.10390625 0.053125
5 0.63125 0.74375 0.09296875 0.04765625
10 0.3171875 0.69140625 0.09296875 0.05078125
12 0.7921875 0.51640625 0.09765625 0.05078125
2 0.8140625 0.728125 0.08828125 0.05078125
0 0.79375 0.64375 0.084375 0.04375
11 0.3078125 0.6078125 0.0859375 0.046875
8 0.8234375 0.7859375 0.09140625 0.05703125
7 0.80625 0.60078125 0.08828125 0.0453125
1 0.81171875 0.5578125 0.096875 0.046875
6 0.80625 0.6859375 0.06953125 0.03984375