3 0.3640625 0.53203125 0.1265625 0.071875
4 0.39140625 0.415625 0.1265625 0.075
5 0.365625 0.64453125 0.140625 0.078125
5 0.16328125 0.628125 0.15625 0.0796875
2 0.71015625 0.67734375 0.1328125 0.078125
0 0.69921875 0.54296875 0.1203125 0.06875
9 0.25546875 0.52421875 0.5109375 0.3953125
1 0.7015625 0.41171875 0.1296875 0.0734375
6 0.15703125 0.52734375 0.1265625 0.071875
8 0.65 0.759375 0.1296875 0.084375
7 0.1671875 0.4015625 0.1453125 0.071875
4 0.02109375 0.39296875 0.0375 0.0625
3 0.01328125 0.51171875 0.0265625 0.0546875