3 0.4609375 0.47578125 0.1328125 0.0796875
2 0.1328125 0.6265625 0.1375 0.0796875
0 0.14296875 0.49921875 0.1234375 0.0703125
5 0.4625 0.5859375 0.1359375 0.078125
12 0.86953125 0.5390625 0.1546875 0.084375
7 0.6578125 0.340625 0.128125 0.0765625
1 0.1375 0.37265625 0.1328125 0.0796875
4 0.4390625 0.3640625 0.1265625 0.0796875
11 0.85 0.3203125 0.140625 0.0796875
8 0.6640625 0.5640625 0.140625 0.0828125
10 0.86328125 0.4390625 0.1296875 0.078125
6 0.66015625 0.46328125 0.11875 0.0734375
9 0.9643331281249999 0.5961648390625001 0.9441321265625 0.24790717812500002 0.318256690625 0.300813896875 0.343327640625 0.6641944203125 0.34239030625 0.6650423703125 0.9643331281249999 0.5961648390625001