2 0.08203125 0.3734375 0.121875 0.0625
3 0.4140625 0.48203125 0.1125 0.059375
5 0.58203125 0.384375 0.134375 0.0625
5 0.403125 0.38125 0.1234375 0.0625
1 0.1234375 0.6140625 0.1125 0.059375
9 0.5765625 0.4859375 0.5625 0.325
8 0.1234375 0.29765625 0.1171875 0.071875
12 0.7703125 0.38515625 0.134375 0.0625
0 0.1078125 0.4953125 0.10625 0.053125
7 0.60546875 0.5828125 0.109375 0.05625
4 0.4078125 0.58671875 0.10625 0.059375
11 0.78359375 0.58125 0.09375 0.0546875
0 0.771875 0.475 0.109375 0.0578125
6 0.59765625 0.47265625 0.1 0.0546875
11 0.73125 0.57890625 0.028125 0.0515625