5 0.27421875 0.4296875 0.1140625 0.0703125
1 0.03671875 0.584375 0.0734375 0.065625
9 0.4078125 0.5421875 0.5265625 0.3546875
4 0.2546875 0.6 0.1015625 0.0671875
3 0.27109375 0.51328125 0.1 0.065625
0 0.0390625 0.4875 0.078125 0.059375
2 0.040625 0.39140625 0.065625 0.0578125
11 0.56015625 0.6421875 0.0984375 0.0640625
12 0.5765625 0.47890625 0.109375 0.0671875
8 0.42734375 0.45390625 0.109375 0.06875
10 0.5703125 0.5546875 0.09375 0.0640625
7 0.415625 0.621875 0.0953125 0.065625
6 0.421875 0.52890625 0.090625 0.0609375