3 0.4234375 0.5953125 0.0609375 0.1125
3 0.4125 0.41640625 0.0578125 0.1046875
5 0.315625 0.24921875 0.06015625 0.128125
5 0.32421875 0.61796875 0.06328125 0.121875
5 0.31953125 0.4328125 0.06640625 0.1375
9 0.42578125 0.42265625 0.34140625 0.6203125
2 0.23125 0.9515625 0.0796875 0.09609375
0 0.40078125 0.9625 0.0609375 0.075
1 0.53046875 0.584375 0.0640625 0.11875
12 0.196875 0.38125 0.0671875 0.1140625
11 0.50703125 0.209375 0.05703125 0.1234375
6 0.50703125 0.94453125 0.059375 0.109375
7 0.51953125 0.38671875 0.0609375 0.11953125
10 0.40390625 0.22578125 0.05625 0.10859375
8 0.1984375 0.69296875 0.075 0.1046875