5 0.83203125 0.21328125 0.17265625 0.0796875
5 0.59140625 0.20234375 0.1875 0.0859375
5 0.34375 0.1921875 0.165625 0.08046875
9 0.56953125 0.3328125 0.77421875 0.4359375
1 0.33515625 0.46015625 0.14453125 0.08125
11 0.83828125 0.46328125 0.16015625 0.07890625
0 0.346875 0.31953125 0.14375 0.08046875
7 0.60234375 0.4640625 0.1390625 0.07734375
12 0.6921875 0.0515625 0.15234375 0.0921875
10 0.846875 0.3265625 0.14375 0.07734375
8 0.2828125 0.0390625 0.14296875 0.07734375
6 0.5984375 0.31640625 0.13359375 0.078125