4 0.55078125 0.3265625 0.05234375 0.0953125
4 0.565625 0.65703125 0.05703125 0.09921875
5 0.3734375 0.33984375 0.05390625 0.1140625
5 0.37890625 0.675 0.05703125 0.109375
4 0.559375 0.48359375 0.05625 0.09453125
5 0.3765625 0.50859375 0.06171875 0.1234375
9 0.46953125 0.503125 0.30390625 0.53125
2 0.29296875 0.9609375 0.06328125 0.07265625
12 0.259375 0.4515625 0.06171875 0.1046875
8 0.26328125 0.7375 0.0625 0.103125
11 0.5609375 0.8671875 0.575 0.875 0.5828125 0.884375 0.5921875 0.8875 0.59375 0.890625 0.6 0.89375 0.603125 0.903125 0.6 0.934375 0.5953125 0.9484375 0.59375 0.9640625 0.590625 0.96875 0.590625 0.978125 0.5875 0.9828125 0.5734375 0.9765625 0.5703125 0.971875 0.5640625 0.9703125 0.546875 0.953125 0.5453125 0.9484375 0.5484375 0.9171875 0.553125 0.9046875 0.553125 0.8921875 0.5578125 0.878125 0.5578125 0.86875 0.559375 0.86875
10 0.4625 0.2796875 0.475 0.2921875 0.4796875 0.3171875 0.478125 0.3453125 0.475 0.3484375 0.475 0.3546875 0.4703125 0.3640625 0.4640625 0.3703125 0.4484375 0.3703125 0.44375 0.365625 0.434375 0.346875 0.43125 0.3296875 0.4328125 0.2984375 0.4375 0.2875 0.4421875 0.2859375 0.4453125 0.28125 0.4609375 0.2796875
6 0.453125 0.45 0.465625 0.45 0.475 0.459375 0.4828125 0.4796875 0.4796875 0.515625 0.475 0.528125 0.465625 0.5390625 0.453125 0.5390625 0.4515625 0.5359375 0.4484375 0.5359375 0.4375 0.521875 0.434375 0.5140625 0.4328125 0.478125 0.4375 0.4625 0.4421875 0.45625 0.453125 0.4515625
0 0.4625 0.6125 0.4765625 0.6125 0.478125 0.615625 0.484375 0.61875 0.484375 0.621875 0.4890625 0.625 0.4890625 0.6296875 0.49375 0.6359375 0.4953125 0.65 0.49375 0.6828125 0.484375 0.7015625 0.478125 0.7078125 0.4625 0.709375 0.4625 0.70625 0.453125 0.696875 0.44375 0.6703125 0.44375 0.653125 0.4484375 0.63125 0.4546875 0.61875 0.4625 0.6140625