9 0.43359375 0.565625 0.434375 0.24375
4 0.56875 0.6390625 0.08125 0.04609375
5 0.2953125 0.56484375 0.08984375 0.06015625
3 0.42890625 0.6375 0.07890625 0.04765625
5 0.29765625 0.64375 0.08125 0.053125
2 0.2984375 0.76484375 0.07734375 0.03359375
0 0.45234375 0.76015625 0.071875 0.04453125
10 0.41328125 0.4828125 0.07734375 0.04609375
1 0.6046875 0.75390625 0.0765625 0.05078125
7 0.5609375 0.5578125 0.0828125 0.0453125
11 0.553125 0.48359375 0.07734375 0.04453125
12 0.2890625 0.4859375 0.084375 0.053125
6 0.41328125 0.5625 0.07265625 0.04140625
8 0.1984375 0.75703125 0.09296875 0.0484375