4 0.63203125 0.6140625 0.071875 0.121875
4 0.6265625 0.4015625 0.0703125 0.115625
4 0.621875 0.2125 0.065625 0.115625
5 0.40234375 0.625 0.06875 0.134375
5 0.409375 0.22265625 0.0640625 0.140625
5 0.40703125 0.41796875 0.0703125 0.153125
9 0.52109375 0.42109375 0.36875 0.6375
0 0.51328125 0.61015625 0.0671875 0.1171875
8 0.39140625 0.97890625 0.0734375 0.040625
12 0.271875 0.34375 0.071875 0.1296875
6 0.5046875 0.40625 0.06875 0.11875
2 0.2859375 0.9609375 0.078125 0.078125
10 0.50625 0.20546875 0.06875 0.128125
11 0.6390625 0.9390625 0.071875 0.121875
8 0.26328125 0.6828125 0.0734375 0.11875