3 0.40078125 0.3828125 0.0703125 0.1203125
3 0.4015625 0.5859375 0.071875 0.128125
3 0.4078125 0.1671875 0.06875 0.13125
5 0.30078125 0.16953125 0.0734375 0.153125
5 0.28515625 0.59453125 0.0765625 0.1359375
5 0.29453125 0.3828125 0.0796875 0.15625
9 0.40546875 0.3921875 0.38125 0.65625
1 0.52109375 0.60390625 0.06875 0.1265625
2 0.15703125 0.9390625 0.0890625 0.1078125
11 0.528125 0.178125 0.06875 0.1390625
12 0.1484375 0.28671875 0.08125 0.1375
0 0.3484375 0.965625 0.0671875 0.0625
7 0.52734375 0.3859375 0.0671875 0.1203125
8 0.134375 0.65 0.0828125 0.125
6 0.465625 0.95703125 0.0609375 0.0828125
10 0.2421875 0.9578125 0.065625 0.075