9 0.46015625 0.47265625 0.35390625 0.6484375
4 0.34296875 0.29140625 0.06328125 0.11171875
4 0.44921875 0.28046875 0.06171875 0.1171875
5 0.34765625 0.6671875 0.07734375 0.1171875
5 0.45859375 0.671875 0.08359375 0.1265625
5 0.571875 0.68046875 0.07578125 0.12109375
4 0.56875 0.27265625 0.06875 0.125
2 0.76328125 0.88828125 0.0421875 0.1265625
12 0.415625 0.90703125 0.06640625 0.11875
0 0.56484375 0.48125 0.06640625 0.1140625
11 0.75078125 0.26640625 0.06640625 0.140625
6 0.44921875 0.49921875 0.06015625 0.10703125
10 0.33671875 0.49375 0.06953125 0.1140625
8 0.6078125 0.9296875 0.06875 0.1359375