3 0.53671875 0.52265625 0.1234375 0.071875
4 0.55546875 0.39921875 0.11875 0.075
5 0.72890625 0.63828125 0.1453125 0.0765625
4 0.33671875 0.3796875 0.1296875 0.0796875
5 0.521875 0.628125 0.1609375 0.084375
5 0.3140625 0.61796875 0.1453125 0.078125
3 0.334375 0.5015625 0.128125 0.075
9 0.5234375 0.5078125 0.678125 0.4125
12 0.0546875 0.265625 0.0890625 0.0828125
0 0.05703125 0.46640625 0.1140625 0.0703125
7 0.04765625 0.39921875 0.0890625 0.0734375
10 0.74765625 0.53828125 0.1265625 0.0734375
11 0.76015625 0.41640625 0.134375 0.0734375
2 0.05078125 0.5953125 0.1015625 0.075
1 0.04140625 0.33359375 0.0703125 0.0671875
8 0.04765625 0.68671875 0.0953125 0.0953125