5 0.60625 0.346875 0.1140625 0.06796875
3 0.434375 0.3546875 0.10703125 0.0609375
5 0.61171875 0.546875 0.10390625 0.06875
5 0.609375 0.44765625 0.115625 0.0765625
9 0.4328125 0.4484375 0.56328125 0.31171875
12 0.82578125 0.48515625 0.1078125 0.06328125
11 0.271875 0.5546875 0.096875 0.06015625
10 0.4546875 0.55390625 0.10234375 0.06015625
6 0.453125 0.45234375 0.103125 0.05859375
1 0.2515625 0.35390625 0.10625 0.06015625
7 0.259375 0.45859375 0.10703125 0.05859375
8 0.82734375 0.31484375 0.11484375 0.06328125