9 0.525 0.44765625 0.36640625 0.65703125
5 0.6484375 0.24921875 0.08359375 0.12734375
4 0.4109375 0.65546875 0.06953125 0.125
5 0.409375 0.23984375 0.07890625 0.13046875
5 0.52734375 0.24453125 0.090625 0.13515625
4 0.5359375 0.6484375 0.06640625 0.1234375
4 0.646875 0.6453125 0.06875 0.115625
0 0.41328125 0.44375 0.07578125 0.12421875
6 0.53203125 0.428125 0.065625 0.11640625
10 0.65546875 0.43203125 0.071875 0.1171875
11 0.23828125 0.66328125 0.04140625 0.121875
12 0.5765625 0.028125 0.0734375 0.05625
2 0.2296875 0.06875 0.02421875 0.065625