3 0.44609375 0.52265625 0.134375 0.09375
5 0.24609375 0.44375 0.1359375 0.103125
3 0.4421875 0.40625 0.1375 0.0984375
5 0.26953125 0.559375 0.15 0.1171875
4 0.66015625 0.478125 0.134375 0.0921875
4 0.6453125 0.35703125 0.1421875 0.1
9 0.47109375 0.5109375 0.7375 0.5203125
0 0.4453125 0.23984375 0.109375 0.05625
10 0.46875 0.64140625 0.134375 0.096875
12 0.28203125 0.6796875 0.146875 0.1125
2 0.6734375 0.190625 0.125 0.071875
11 0.6765625 0.59296875 0.1375 0.1015625
6 0.3296875 0.27109375 0.1125 0.059375
8 0.103125 0.3265625 0.0625 0.0453125
2 0.24140625 0.28359375 0.040625 0.025