5 0.659375 0.18046875 0.06875 0.13515625
3 0.56171875 0.39296875 0.0671875 0.11796875
3 0.55078125 0.19765625 0.06875 0.1265625
5 0.6625 0.38125 0.07109375 0.15
5 0.6625 0.5875 0.0671875 0.146875
9 0.5515625 0.38359375 0.359375 0.634375
10 0.56328125 0.5984375 0.0671875 0.1234375
12 0.80546875 0.45859375 0.07578125 0.12578125
1 0.43515625 0.19375 0.06640625 0.12890625
11 0.446875 0.596875 0.06484375 0.1171875
7 0.4390625 0.40078125 0.06796875 0.1203125
8 0.79765625 0.1171875 0.07578125 0.13515625