3 0.4296875 0.54765625 0.128125 0.075
5 0.82578125 0.62578125 0.146875 0.08125
3 0.83203125 0.52578125 0.1265625 0.0734375
4 0.41953125 0.4328125 0.128125 0.0796875
4 0.63046875 0.42109375 0.1203125 0.078125
3 0.6265625 0.54140625 0.1203125 0.0734375
5 0.62421875 0.64296875 0.159375 0.0859375
5 0.421875 0.659375 0.14375 0.08125
2 0.16015625 0.67265625 0.125 0.0828125
9 0.61875 0.528125 0.6703125 0.4171875
1 0.10625 0.43046875 0.1328125 0.078125
12 0.12109375 0.3640625 0.1453125 0.0875
7 0.128125 0.4921875 0.128125 0.075
0 0.16015625 0.55078125 0.1234375 0.06875
8 0.1640625 0.753125 0.125 0.0921875
10 0.0640625 0.603125 0.1203125 0.078125
11 0.83515625 0.40859375 0.1375 0.0765625
0 0.1640625 0.6125 0.121875 0.071875