5 0.20625 0.57890625 0.15703125 0.08046875
5 0.67734375 0.64140625 0.1625 0.0875
5 0.4375 0.609375 0.171875 0.090625
9 0.4984375 0.4890625 0.8421875 0.4875
0 0.70078125 0.51484375 0.17109375 0.08828125
11 0.25546875 0.32890625 0.15625 0.0828125
1 0.76171875 0.37421875 0.1625 0.090625
12 0.28515625 0.7609375 0.12734375 0.07890625
6 0.45390625 0.496875 0.1328125 0.0734375
10 0.21796875 0.46484375 0.15234375 0.08046875
8 0.68984375 0.82421875 0.15703125 0.0953125
7 0.49453125 0.3484375 0.14609375 0.0875