4 0.58671875 0.27109375 0.06796875 0.1234375
3 0.4703125 0.4828125 0.0671875 0.115625
4 0.59609375 0.46875 0.07109375 0.1171875
3 0.48203125 0.68984375 0.0703125 0.128125
3 0.4671875 0.26953125 0.0640625 0.121875
4 0.60234375 0.69140625 0.075 0.13046875
9 0.48359375 0.48984375 0.378125 0.66640625
0 0.45234375 0.97265625 0.059375 0.05078125
12 0.3890625 0.215625 0.39375 0.2234375 0.39375 0.3546875 0.3828125 0.353125 0.35625 0.3265625 0.3515625 0.3171875 0.346875 0.315625 0.3328125 0.3015625 0.3234375 0.2859375 0.3234375 0.275 0.346875 0.2515625 0.35625 0.2375 0.3609375 0.2359375 0.3765625 0.21875 0.3875 0.215625
8 0.39375 0.4234375 0.3984375 0.4359375 0.396875 0.4390625 0.3984375 0.440625 0.3984375 0.471875 0.4 0.4734375 0.3984375 0.484375 0.4 0.4875 0.3984375 0.490625 0.4 0.4921875 0.4 0.528125 0.3984375 0.5296875 0.3984375 0.5578125 0.3953125 0.5640625 0.3859375 0.5640625 0.3796875 0.5546875 0.371875 0.5515625 0.3625 0.540625 0.3578125 0.5390625 0.3515625 0.5328125 0.3515625 0.5296875 0.3296875 0.5078125 0.3234375 0.496875 0.3234375 0.490625 0.328125 0.48125 0.3359375 0.478125 0.3375 0.4734375 0.346875 0.465625 0.346875 0.4625 0.371875 0.4375 0.3796875 0.434375 0.3875 0.425 0.3921875 0.4234375
2 0.3890625 0.640625 0.39375 0.64375 0.39375 0.771875 0.390625 0.7734375 0.38125 0.7734375 0.375 0.7703125 0.3703125 0.7625 0.365625 0.759375 0.365625 0.75625 0.3609375 0.7546875 0.3515625 0.7453125 0.3515625 0.7421875 0.3234375 0.7171875 0.3234375 0.7046875 0.3328125 0.696875 0.3328125 0.69375 0.3375 0.690625 0.3375 0.6859375 0.346875 0.678125 0.35 0.678125 0.3640625 0.6640625 0.3671875 0.65625 0.375 0.653125 0.3875 0.640625