3 0.57734375 0.540625 0.11875 0.0703125
4 0.55859375 0.43203125 0.1203125 0.075
3 0.759375 0.54765625 0.1109375 0.06875
4 0.75625 0.4359375 0.1109375 0.071875
9 0.7171875 0.53515625 0.565625 0.4015625
5 0.7609375 0.640625 0.1453125 0.0796875
5 0.5734375 0.64375 0.1265625 0.071875
2 0.26015625 0.65 0.1234375 0.0765625
1 0.26640625 0.40234375 0.1296875 0.0765625
0 0.2703125 0.52421875 0.1078125 0.0640625
10 0.946875 0.5484375 0.10625 0.071875
12 0.9359375 0.64375 0.109375 0.078125
7 0.19453125 0.46875 0.1140625 0.0703125
6 0.29296875 0.58828125 0.109375 0.0671875
8 0.30625 0.72578125 0.125 0.08125
11 0.94140625 0.43828125 0.1171875 0.0703125