5 0.4375 0.4140625 0.103125 0.078125
2 0.4671875 0.69765625 0.103125 0.06875
5 0.44453125 0.503125 0.1109375 0.084375
3 0.58125 0.47734375 0.09375 0.065625
3 0.59921875 0.559375 0.0953125 0.0671875
4 0.7546875 0.53671875 0.1078125 0.071875
4 0.74375 0.446875 0.1 0.0671875
9 0.59453125 0.4765625 0.5515625 0.3734375
5 0.4515625 0.5921875 0.1015625 0.075
12 0.88046875 0.63828125 0.10625 0.0796875
7 0.7109375 0.6671875 0.1046875 0.075
1 0.79375 0.66171875 0.096875 0.0703125
0 0.62578125 0.66875 0.0890625 0.0671875
8 0.35546875 0.71953125 0.10625 0.0703125
11 0.73828125 0.3609375 0.10625 0.071875
10 0.57421875 0.3859375 0.1046875 0.0734375
6 0.5453125 0.68359375 0.0875 0.0625