2 0.36484375 0.72734375 0.1 0.06171875
0 0.5484375 0.71015625 0.08671875 0.0546875
3 0.51875 0.5640625 0.096875 0.05390625
11 0.66328125 0.3765625 0.0921875 0.0578125
9 0.5203125 0.47578125 0.5234375 0.29375
1 0.73046875 0.70078125 0.0953125 0.059375
4 0.6828125 0.5640625 0.10234375 0.05546875
7 0.67421875 0.46640625 0.09453125 0.05390625
5 0.3609375 0.57265625 0.0984375 0.0609375
12 0.34609375 0.384375 0.09375 0.0625
8 0.353125 0.47890625 0.1015625 0.06171875
10 0.49296875 0.3796875 0.090625 0.053125
6 0.496875 0.47421875 0.09140625 0.0515625