4 0.42421875 0.490625 0.059375 0.1
4 0.421875 0.6609375 0.0578125 0.09375
5 0.59375 0.82265625 0.0578125 0.11875
5 0.60546875 0.49296875 0.059375 0.109375
5 0.6 0.65625 0.0640625 0.128125
4 0.41875 0.8171875 0.0546875 0.1015625
9 0.50859375 0.6515625 0.309375 0.5234375
2 0.7 0.21875 0.0640625 0.103125
7 0.6171875 0.18515625 0.0671875 0.1140625
1 0.46796875 0.1671875 0.0671875 0.115625
11 0.4328125 0.24453125 0.0625 0.1125
0 0.5171875 0.4984375 0.0546875 0.096875
6 0.51953125 0.6609375 0.053125 0.0921875
12 0.71171875 0.72421875 0.0625 0.1109375
2 0.71796875 0.4484375 0.059375 0.096875
10 0.5125 0.83203125 0.0546875 0.103125