4 0.48515625 0.49609375 0.0640625 0.1109375
5 0.49375 0.86328125 0.071875 0.1140625
4 0.59375 0.496875 0.059375 0.1078125
4 0.690625 0.4984375 0.0625 0.1015625
5 0.5984375 0.853125 0.0828125 0.121875
5 0.703125 0.8453125 0.075 0.1109375
9 0.5875 0.6734375 0.340625 0.5921875
1 0.2671875 0.56953125 0.078125 0.1328125
7 0.28515625 0.88046875 0.078125 0.140625
0 0.49453125 0.6828125 0.0625 0.1046875
10 0.7046875 0.684375 0.0640625 0.1015625
8 0.60625 0.6421875 0.615625 0.65 0.628125 0.684375 0.628125 0.7046875 0.6234375 0.7296875 0.6109375 0.740625 0.5921875 0.740625 0.5859375 0.734375 0.5765625 0.71875 0.575 0.7046875 0.571875 0.7 0.5734375 0.6984375 0.571875 0.69375 0.5734375 0.6734375 0.5796875 0.65625 0.5921875 0.64375 0.6046875 0.6421875
11 0.3328125 0.44375 0.3375 0.453125 0.3375 0.4578125 0.340625 0.4609375 0.346875 0.4953125 0.3515625 0.503125 0.353125 0.525 0.3421875 0.5359375 0.334375 0.5390625 0.321875 0.5515625 0.3125 0.55625 0.3078125 0.55625 0.3 0.54375 0.3 0.5359375 0.296875 0.53125 0.2953125 0.5171875 0.2890625 0.5046875 0.2890625 0.4953125 0.284375 0.4796875 0.29375 0.4671875 0.303125 0.4625 0.303125 0.459375 0.31875 0.4515625 0.3234375 0.4453125 0.33125 0.44375