2 0.91484375 0.446875 0.1328125 0.078125
0 0.878125 0.56796875 0.1234375 0.0703125
1 0.86171875 0.6890625 0.1296875 0.0765625
3 0.5734375 0.52421875 0.1265625 0.075
8 0.396875 0.403125 0.1359375 0.08125
12 0.20078125 0.38515625 0.1421875 0.08125
5 0.59140625 0.421875 0.1359375 0.078125
9 0.396875 0.51328125 0.634375 0.4
11 0.1734375 0.59375 0.1234375 0.0734375
4 0.571875 0.6359375 0.121875 0.0765625
7 0.3625 0.61328125 0.11875 0.0734375
10 0.190625 0.48125 0.121875 0.0734375
6 0.38125 0.49609375 0.1109375 0.06875