3 0.5046875 0.6203125 0.109375 0.059375
3 0.68984375 0.60703125 0.1203125 0.0625
3 0.309375 0.62578125 0.11796875 0.0609375
4 0.4796875 0.50859375 0.11015625 0.0640625
4 0.68125 0.49765625 0.121875 0.065625
5 0.32734375 0.71953125 0.1296875 0.06328125
9 0.5125 0.60625 0.63671875 0.35390625
5 0.51953125 0.71328125 0.1390625 0.0671875
5 0.71328125 0.71015625 0.1296875 0.06640625
12 0.94296875 0.4015625 0.1125 0.0671875
1 0.9578125 0.4625 0.084375 0.0640625
0 0.94375 0.58203125 0.1125 0.059375
2 0.953125 0.6921875 0.09375 0.0640625
7 0.95234375 0.52421875 0.09453125 0.06328125
8 0.95625 0.76875 0.0859375 0.078125
6 0.946875 0.6390625 0.10625 0.05859375
11 0.2890625 0.52265625 0.121875 0.06484375