7 0.9046875 0.5578125 0.184375 0.121875
4 0.5796875 0.36796875 0.14375 0.096875
4 0.34921875 0.328125 0.13125 0.090625
4 0.14375 0.29453125 0.1359375 0.0890625
9 0.359375 0.45625 0.71875 0.509375
2 0.5296875 0.61796875 0.1578125 0.0984375
1 0.9390625 0.43203125 0.121875 0.0984375
11 0.83984375 0.7125 0.159375 0.1109375
12 0.0828125 0.52578125 0.165625 0.1078125
0 0.54375 0.49296875 0.1421875 0.090625
10 0.0984375 0.41484375 0.146875 0.0921875
6 0.32421875 0.46015625 0.1515625 0.0984375
8 0.30625 0.57265625 0.165625 0.103125