3 0.7046875 0.53984375 0.1390625 0.075
2 0.315625 0.40859375 0.1375 0.0796875
5 0.91640625 0.4171875 0.16640625 0.08203125
3 0.9265625 0.5328125 0.13203125 0.07265625
5 0.6890625 0.41484375 0.15234375 0.0765625
4 0.69609375 0.67265625 0.134375 0.07734375
0 0.3359375 0.55703125 0.12734375 0.06796875
1 0.3546875 0.69921875 0.134375 0.078125
8 0.35859375 0.315625 0.13359375 0.084375
9 0.78046875 0.54453125 0.4390625 0.40625
6 0.3546875 0.4796875 0.12265625 0.06640625
7 0.9375 0.67265625 0.12421875 0.07890625