3 0.440625 0.58671875 0.096875 0.0625
4 0.28203125 0.696875 0.1 0.0671875
4 0.2765625 0.6046875 0.1 0.0625
3 0.4375 0.671875 0.0953125 0.0640625
5 0.5765625 0.57109375 0.10625 0.078125
5 0.56640625 0.484375 0.0953125 0.071875
9 0.425 0.58984375 0.5265625 0.3328125
5 0.58515625 0.65703125 0.1 0.0703125
10 0.42890625 0.496875 0.0984375 0.0671875
11 0.2703125 0.52265625 0.0984375 0.0625
2 0.58359375 0.7546875 0.0734375 0.04375
12 0.1828125 0.8125 0.0953125 0.0421875
7 0.3453125 0.7921875 0.0890625 0.0375
0 0.4296875 0.7765625 0.0828125 0.0453125
8 0.68984375 0.73984375 0.0734375 0.0421875
1 0.26796875 0.80703125 0.0765625 0.028125