3 0.45859375 0.46796875 0.0515625 0.0890625
5 0.38203125 0.46484375 0.059375 0.1140625
5 0.37421875 0.31171875 0.0546875 0.103125
3 0.45703125 0.31875 0.053125 0.0921875
3 0.46484375 0.625 0.0515625 0.0953125
5 0.38984375 0.6203125 0.05625 0.10625
9 0.4671875 0.46484375 0.3 0.4984375
2 0.27890625 0.0546875 0.0609375 0.0890625
1 0.54453125 0.3140625 0.053125 0.09375
0 0.4171875 0.03359375 0.05 0.0625
7 0.5484375 0.475 0.0515625 0.0890625
12 0.28046875 0.5296875 0.0609375 0.0953125
8 0.2671875 0.2703125 0.0578125 0.09375
6 0.50234375 0.0375 0.0484375 0.075
11 0.5515625 0.62421875 0.0515625 0.096875
10 0.33984375 0.04140625 0.0515625 0.06875