4 0.59375 0.5375 0.1390625 0.08125
3 0.36328125 0.40546875 0.134375 0.078125
3 0.3734375 0.5234375 0.1375 0.0828125
5 0.15703125 0.5171875 0.1375 0.0890625
5 0.16875 0.396875 0.14375 0.1015625
0 0.3984375 0.72265625 0.1234375 0.08125
2 0.13828125 0.71796875 0.1515625 0.084375
9 0.38515625 0.4140625 0.728125 0.425
1 0.640625 0.725 0.128125 0.0828125
6 0.2703125 0.70546875 0.125 0.0765625
12 0.16875 0.26875 0.1421875 0.096875
7 0.5921875 0.4078125 0.13125 0.0828125
10 0.36328125 0.28125 0.1296875 0.0796875
11 0.58828125 0.29375 0.1265625 0.0859375
8 0.02734375 0.69140625 0.0546875 0.0796875
11 0.21796875 0.271875 0.0328125 0.0796875