0 0.5953125 0.28125 0.0859375 0.0625
2 0.428125 0.24375 0.096875 0.0671875
3 0.55 0.41015625 0.09375 0.0609375
9 0.5421875 0.4921875 0.5203125 0.33125
5 0.40703125 0.384375 0.09375 0.0671875
1 0.76171875 0.31015625 0.09375 0.0640625
4 0.7015625 0.43046875 0.0984375 0.0625
11 0.66171875 0.59921875 0.09375 0.0625
12 0.3734375 0.5546875 0.096875 0.0671875
10 0.5046875 0.57578125 0.0921875 0.0609375
8 0.38671875 0.46875 0.1 0.06875
7 0.6796875 0.51796875 0.0921875 0.059375
6 0.5203125 0.490625 0.0875 0.05625