9 0.6765625 0.51015625 0.646875 0.4109375
2 0.14296875 0.353125 0.1390625 0.0828125
5 0.71015625 0.3921875 0.1578125 0.084375
5 0.496875 0.37734375 0.1421875 0.078125
0 0.15546875 0.49296875 0.1328125 0.071875
3 0.71171875 0.496875 0.1265625 0.0734375
3 0.5046875 0.49296875 0.13125 0.0765625
1 0.16328125 0.6265625 0.1359375 0.075
4 0.4890625 0.61484375 0.13125 0.078125
7 0.72578125 0.625 0.140625 0.075
11 0.925 0.63515625 0.140625 0.075
12 0.92421875 0.4015625 0.1515625 0.084375
6 0.178125 0.421875 0.121875 0.0703125
8 0.1875 0.26875 0.134375 0.0875
10 0.93046875 0.50859375 0.1328125 0.0734375