3 0.534375 0.5875 0.08125 0.0546875
4 0.6765625 0.60234375 0.0890625 0.05625
3 0.53828125 0.51171875 0.0828125 0.0546875
5 0.41328125 0.57421875 0.0984375 0.0703125
9 0.54453125 0.58671875 0.484375 0.3125
4 0.6734375 0.51953125 0.0921875 0.059375
5 0.40859375 0.49609375 0.0875 0.0609375
5 0.41953125 0.6546875 0.0875 0.065625
2 0.4078125 0.40390625 0.084375 0.053125
12 0.76875 0.421875 0.0859375 0.059375
0 0.55078125 0.415625 0.0734375 0.0515625
8 0.30859375 0.3953125 0.084375 0.0546875
10 0.5375 0.66796875 0.0890625 0.0609375
11 0.68125 0.6796875 0.0859375 0.0578125
1 0.690625 0.40703125 0.078125 0.053125
7 0.48046875 0.409375 0.0703125 0.0484375
7 0.62109375 0.409375 0.0859375 0.05625