3 0.41875 0.30234375 0.06875 0.115625
3 0.403125 0.4890625 0.0671875 0.1109375
3 0.39375 0.6859375 0.065625 0.115625
5 0.3109375 0.28515625 0.06875 0.128125
5 0.30546875 0.48125 0.078125 0.1453125
5 0.29765625 0.678125 0.071875 0.1328125
9 0.4125 0.484375 0.3765625 0.6234375
1 0.528125 0.30546875 0.0703125 0.1203125
12 0.16875 0.5484375 0.0796875 0.125
7 0.5171875 0.50859375 0.065625 0.1109375
11 0.50234375 0.69296875 0.065625 0.121875
8 0.1875 0.1640625 0.190625 0.1625 0.20625 0.1640625 0.2140625 0.1703125 0.215625 0.175 0.2109375 0.20625 0.2078125 0.209375 0.2078125 0.2296875 0.20625 0.2375 0.203125 0.240625 0.196875 0.2734375 0.1921875 0.275 0.1828125 0.271875 0.178125 0.2671875 0.1765625 0.2609375 0.1734375 0.259375 0.1671875 0.2453125 0.1625 0.240625 0.159375 0.2296875 0.1546875 0.2265625 0.1546875 0.2234375 0.15 0.2203125 0.1453125 0.2109375 0.146875 0.184375 0.159375 0.1796875 0.1625 0.175 0.1671875 0.175 0.1734375 0.1703125 0.1875 0.165625