4 0.46328125 0.434375 0.065625 0.11953125
4 0.353125 0.44140625 0.06796875 0.11171875
3 0.58203125 0.6359375 0.07265625 0.11875
3 0.35234375 0.64453125 0.07109375 0.115625
9 0.47109375 0.62890625 0.359375 0.6484375
3 0.46953125 0.646875 0.06640625 0.1125
4 0.58515625 0.4296875 0.0703125 0.12109375
0 0.75390625 0.6890625 0.0609375 0.11484375
7 0.74375 0.575 0.08203125 0.15390625
12 0.35625 0.8328125 0.08671875 0.14375
11 0.75859375 0.425 0.053125 0.1375
2 0.58671875 0.846875 0.08046875 0.14375
8 0.47109375 0.8359375 0.08359375 0.13984375