3 0.51640625 0.61171875 0.1234375 0.075
3 0.515625 0.50390625 0.1140625 0.0703125
4 0.3125 0.5203125 0.1203125 0.06875
5 0.70078125 0.60078125 0.11875 0.08125
5 0.68203125 0.49296875 0.1265625 0.09375
4 0.31875 0.634375 0.128125 0.0796875
9 0.496875 0.5125 0.6421875 0.3859375
10 0.50234375 0.396875 0.1140625 0.071875
12 0.6703125 0.38359375 0.1234375 0.0859375
11 0.30390625 0.41484375 0.115625 0.075
0 0.5046875 0.76953125 0.09375 0.0328125
8 0.86328125 0.73046875 0.1140625 0.046875
6 0.61796875 0.7546875 0.1046875 0.0421875