5 0.3109375 0.38984375 0.16640625 0.0796875
5 0.796875 0.37109375 0.16328125 0.08359375
5 0.55 0.38046875 0.184375 0.0859375
9 0.56953125 0.51015625 0.759375 0.43359375
11 0.3140625 0.65 0.1328125 0.07734375
12 0.43671875 0.21796875 0.14453125 0.0859375
1 0.815625 0.6453125 0.14453125 0.08046875
8 0.85390625 0.19921875 0.14921875 0.08671875
7 0.553125 0.64921875 0.13984375 0.08125
6 0.55234375 0.5 0.13828125 0.075
10 0.303125 0.51015625 0.13828125 0.07265625
0 0.79609375 0.50390625 0.14765625 0.07578125