3 0.57890625 0.29140625 0.06328125 0.115625
5 0.67890625 0.27421875 0.06328125 0.1265625
3 0.58984375 0.47265625 0.0609375 0.109375
5 0.68046875 0.46484375 0.06875 0.14453125
5 0.68515625 0.6546875 0.06171875 0.12890625
9 0.57734375 0.46875 0.34140625 0.6015625
1 0.471875 0.2921875 0.0625 0.11328125
12 0.81484375 0.53359375 0.07265625 0.11953125
7 0.478125 0.4875 0.06328125 0.11015625
10 0.59140625 0.66796875 0.05859375 0.1125
11 0.484375 0.6703125 0.06015625 0.11953125
8 0.809375 0.21171875 0.07265625 0.12109375