3 0.49609375 0.65390625 0.071875 0.11875
5 0.61015625 0.8375 0.0828125 0.15625
3 0.5109375 0.8453125 0.071875 0.1203125
2 0.69609375 0.296875 0.0828125 0.125
5 0.60234375 0.63984375 0.0765625 0.1265625
0 0.51640625 0.26640625 0.0671875 0.115625
1 0.38046875 0.65078125 0.0734375 0.1234375
6 0.4078125 0.290625 0.065625 0.1109375
9 0.5 0.74921875 0.40625 0.5015625
10 0.6171875 0.278125 0.06875 0.115625
12 0.75390625 0.91171875 0.08125 0.1390625
8 0.73828125 0.58046875 0.075 0.121875
7 0.3890625 0.859375 0.0765625 0.13125