4 0.26796875 0.47421875 0.1296875 0.0796875
3 0.46796875 0.4578125 0.1265625 0.08125
0 0.4265625 0.28671875 0.109375 0.078125
2 0.64375 0.246875 0.1234375 0.0859375
9 0.46875 0.5609375 0.65 0.4125
12 0.675 0.653125 0.125 0.09375
5 0.65390625 0.42890625 0.121875 0.0828125
7 0.28125 0.59140625 0.1203125 0.078125
11 0.29453125 0.69921875 0.1171875 0.08125
1 0.209375 0.31640625 0.1234375 0.0859375
8 0.665625 0.53984375 0.1296875 0.0859375
10 0.49921875 0.67578125 0.1171875 0.078125
6 0.49453125 0.5625 0.1109375 0.071875