5 0.20390625 0.41953125 0.15859375 0.08203125
5 0.67578125 0.35703125 0.1609375 0.0859375
5 0.43671875 0.3890625 0.17109375 0.08828125
9 0.49765625 0.5125 0.83671875 0.4828125
0 0.7 0.4859375 0.14453125 0.078125
12 0.2890625 0.24453125 0.15859375 0.09453125
8 0.6875 0.17421875 0.1546875 0.09140625
1 0.75546875 0.6265625 0.1640625 0.08984375
6 0.4515625 0.50390625 0.13203125 0.07421875
11 0.25546875 0.671875 0.1625 0.08125
7 0.490625 0.65234375 0.1515625 0.0890625
10 0.21171875 0.53515625 0.1375 0.075