1 0.8171875 0.51015625 0.1171875 0.0734375
0 0.82265625 0.63046875 0.121875 0.078125
2 0.515625 0.71171875 0.1421875 0.0921875
12 0.13125 0.6484375 0.15 0.0921875
3 0.5140625 0.59921875 0.121875 0.0796875
11 0.15 0.44140625 0.1328125 0.08125
4 0.53125 0.4921875 0.1234375 0.0828125
8 0.32109375 0.678125 0.134375 0.0890625
7 0.33046875 0.46640625 0.125 0.0796875
10 0.14296875 0.5515625 0.121875 0.0796875
6 0.32578125 0.58203125 0.1125 0.075
9 0.644385340625 0.4329935234375 0.0541697203125 0.36686941093750003 0.0480554078125 0.6911275734375 0.6230280390625 0.7909342406250001 0.644385340625 0.4329935234375