5 0.6484375 0.39609375 0.1375 0.0828125
3 0.4296875 0.4 0.13828125 0.0765625
5 0.634375 0.64765625 0.12734375 0.0890625
5 0.64140625 0.52109375 0.140625 0.09453125
9 0.4140625 0.51640625 0.70859375 0.38515625
11 0.2015625 0.6515625 0.13203125 0.08046875
1 0.1921875 0.3921875 0.13671875 0.0765625
7 0.19375 0.52734375 0.13671875 0.07421875
12 0.91328125 0.57578125 0.1390625 0.0796875
8 0.92734375 0.36171875 0.13359375 0.07578125
10 0.4359375 0.6515625 0.12734375 0.07421875
6 0.44375 0.5234375 0.13125 0.07109375