4 0.4625 0.4640625 0.11171875 0.06328125
4 0.6625 0.4609375 0.10546875 0.0625
2 0.1234375 0.246875 0.11796875 0.07421875
5 0.6375 0.25625 0.140625 0.065625
3 0.4640625 0.35546875 0.1140625 0.06171875
5 0.44609375 0.25234375 0.125 0.0640625
3 0.6484375 0.35 0.10703125 0.059375
1 0.16640625 0.49453125 0.11796875 0.06328125
9 0.640625 0.3609375 0.60625 0.33515625
0 0.1484375 0.3734375 0.11015625 0.0609375
7 0.0796875 0.42890625 0.12265625 0.06796875
12 0.8375 0.25390625 0.14140625 0.0703125
11 0.85234375 0.4546875 0.12578125 0.059375
8 0.15703125 0.1703125 0.1140625 0.075
6 0.16015625 0.31015625 0.10625 0.0625
10 0.84296875 0.34765625 0.115625 0.0640625