4 0.34765625 0.22890625 0.065625 0.115625
4 0.45859375 0.234375 0.059375 0.109375
5 0.56875 0.59140625 0.075 0.1109375
9 0.45625 0.41015625 0.3453125 0.6
5 0.3578125 0.603125 0.075 0.1140625
5 0.46484375 0.596875 0.08125 0.1234375
4 0.5578125 0.24140625 0.0609375 0.10625
0 0.35625 0.41953125 0.06875 0.1078125
6 0.46171875 0.43359375 0.0640625 0.10625
10 0.56953125 0.428125 0.0625 0.1015625
12 0.51171875 0.8234375 0.071875 0.1171875
8 0.3125 0.78125 0.3171875 0.7859375 0.325 0.7890625 0.328125 0.7875 0.33125 0.790625 0.34375 0.79375 0.3453125 0.796875 0.359375 0.803125 0.3625 0.8078125 0.3609375 0.8265625 0.35625 0.83125 0.34375 0.85625 0.3390625 0.871875 0.325 0.896875 0.321875 0.896875 0.3171875 0.890625 0.315625 0.8734375 0.309375 0.859375 0.309375 0.8484375 0.3046875 0.83125 0.3046875 0.81875 0.3015625 0.8171875 0.3 0.8109375 0.3 0.7953125 0.303125 0.790625 0.303125 0.7859375 0.30625 0.78125 0.3109375 0.78125