3 0.68203125 0.55546875 0.11484375 0.059375
4 0.6953125 0.45546875 0.1078125 0.06015625
9 0.51796875 0.55234375 0.54765625 0.30859375
1 0.953125 0.4390625 0.09375 0.05859375
0 0.95625 0.5484375 0.0875 0.053125
11 0.3328125 0.45078125 0.103125 0.0546875
10 0.32734375 0.55234375 0.1046875 0.0578125
6 0.50546875 0.55703125 0.09765625 0.05546875
2 0.6875 0.6546875 0.11953125 0.06640625
12 0.3265625 0.640625 0.12734375 0.06328125
7 0.50390625 0.45390625 0.0984375 0.05625
8 0.50625 0.64609375 0.12109375 0.06796875