2 0.334375 0.29375 0.1078125 0.075
0 0.51875 0.28515625 0.09375 0.065625
3 0.509375 0.43359375 0.103125 0.0671875
11 0.67890625 0.59921875 0.1 0.0703125
9 0.5234375 0.52109375 0.559375 0.3640625
1 0.7 0.26875 0.103125 0.071875
4 0.671875 0.4109375 0.109375 0.06875
7 0.67734375 0.509375 0.1015625 0.0671875
5 0.35234375 0.44765625 0.10625 0.0734375
12 0.3640625 0.6359375 0.1015625 0.075
8 0.3578125 0.54140625 0.109375 0.075
10 0.51015625 0.6203125 0.096875 0.065625
6 0.50078125 0.52578125 0.0984375 0.0640625