5 0.321875 0.38984375 0.11796875 0.07734375
5 0.309375 0.50078125 0.121875 0.08203125
5 0.2984375 0.61015625 0.11796875 0.0703125
9 0.49296875 0.50703125 0.615625 0.33984375
1 0.6875 0.6171875 0.11796875 0.06640625
11 0.69375 0.3953125 0.1125 0.0671875
12 0.0703125 0.44921875 0.12578125 0.06953125
0 0.4875 0.609375 0.11015625 0.06484375
6 0.48046875 0.5 0.1109375 0.06171875
7 0.69453125 0.5015625 0.115625 0.0625
10 0.49609375 0.3875 0.1078125 0.0640625
8 0.05546875 0.6375 0.11015625 0.06640625
1 0.11796875 0.771875 0.05859375 0.0171875