3 0.39296875 0.5796875 0.06875 0.10625
3 0.3703125 0.40703125 0.065625 0.1109375
5 0.33046875 0.77578125 0.0734375 0.125
5 0.31015625 0.60078125 0.0796875 0.1375
3 0.4234375 0.746875 0.06875 0.1125
9 0.4046875 0.5875 0.3796875 0.59375
5 0.2875 0.42734375 0.071875 0.1296875
1 0.52109375 0.73203125 0.0703125 0.1125
7 0.49296875 0.55234375 0.06875 0.109375
11 0.465625 0.38984375 0.06875 0.1140625
12 0.1828125 0.55234375 0.078125 0.1171875
8 0.225 0.7984375 0.23125 0.8 0.23125 0.80625 0.2359375 0.8140625 0.2359375 0.821875 0.2390625 0.825 0.2390625 0.8359375 0.2421875 0.8390625 0.2421875 0.8453125 0.246875 0.853125 0.246875 0.8609375 0.2546875 0.8828125 0.2546875 0.8890625 0.2421875 0.8984375 0.2328125 0.896875 0.228125 0.8984375 0.2265625 0.8953125 0.21875 0.8921875 0.2171875 0.89375 0.215625 0.890625 0.2046875 0.8875 0.203125 0.8890625 0.1921875 0.878125 0.1890625 0.865625 0.190625 0.8546875 0.1984375 0.846875 0.2015625 0.8328125 0.2125 0.8125 0.2125 0.8078125 0.2171875 0.8015625 0.2234375 0.8