9 0.421875 0.50703125 0.7375 0.4109375
4 0.66171875 0.3765625 0.140625 0.08046875
3 0.6484375 0.51015625 0.14609375 0.07734375
5 0.421875 0.63515625 0.18046875 0.08515625
5 0.659375 0.63984375 0.1640625 0.08125
12 0.1671875 0.63515625 0.1734375 0.0828125
11 0.17421875 0.3734375 0.1484375 0.07890625
10 0.16640625 0.51328125 0.14296875 0.0734375
0 0.9703125 0.49921875 0.05703125 0.065625
0 0.9640625 0.353125 0.071875 0.075
7 0.41015625 0.3734375 0.134375 0.07734375
6 0.4140625 0.51953125 0.13203125 0.071875