4 0.56328125 0.30234375 0.0765625 0.125
3 0.428125 0.0921875 0.06875 0.11875
4 0.5578125 0.08125 0.071875 0.1140625
3 0.43828125 0.29609375 0.0734375 0.121875
11 0.56953125 0.6421875 0.08125 0.1484375
1 0.52578125 0.75625 0.0890625 0.15625
0 0.409375 0.6265625 0.0671875 0.115625
2 0.31015625 0.3046875 0.08125 0.1421875
7 0.478125 0.6046875 0.0859375 0.15625
10 0.4296875 0.759375 0.0703125 0.1296875
6 0.36328125 0.7421875 0.0703125 0.1234375
8 0.31328125 0.08984375 0.0796875 0.1578125
9 0.4265625 0.0015625 0.4296875 0.0015625 0.43125 0.0046875 0.434375 0.0015625 0.4359375 0.0046875 0.440625 0.00625 0.45625 0.0078125 0.459375 0.00625 0.4625 0.0109375 0.4734375 0.0109375 0.478125 0.0046875 0.4921875 0.00625 0.4953125 0.0046875 0.5 0.009375 0.50625 0.0046875 0.5234375 0.0046875 0.5203125 0.00625 0.5203125 0.009375 0.525 0.0125 0.5265625 0.0046875 0.5390625 0.00625 0.540625 0.003125 0.5453125 0.0046875 0.55625 0.003125 0.565625 0.00625 0.575 0.0046875 0.5796875 0.00625 0.5859375 0.003125 0.6046875 0.003125 0.6015625 0.0046875 0.6046875 0.009375 0.6109375 0.0078125 0.615625 0.003125 0.6421875 0.0046875 0.646875 0.0015625 0.6578125 0.0015625 0.665625 0.0046875 0.66875 0.078125 0.6703125 0.0796875 0.671875 0.21875 0.6765625 0.2453125 0.6765625 0.3125 0.678125 0.3140625 0.6765625 0.31875 0.6796875 0.328125 0.6796875 0.3578125 0.678125 0.359375 0.68125 0.3765625 0.6796875 0.40625 0.6828125 0.409375 0.6828125 0.4265625 0.68125 0.428125 0.6828125 0.4484375 0.68125 0.45 0.684375 0.4625 0.684375 0.496875 0.6859375 0.4984375 0.684375 0.50625 0.6859375 0.5234375 0.68125 0.5328125 0.5953125 0.53125 0.5921875 0.528125 0.5828125 0.5328125 0.578125 0.5328125 0.5765625 0.5296875 0.528125 0.5296875 0.5265625 0.528125 0.496875 0.5296875 0.490625 0.528125 0.4859375 0.521875 0.4671875 0.5296875 0.446875 0.5296875 0.4453125 0.53125 0.4203125 0.5296875 0.409375 0.5328125 0.3875 0.5328125 0.3859375 0.53125 0.384375 0.5328125 0.3234375 0.5328125 0.3171875 0.534375 0.315625 0.5375 0.3125 0.5375 0.3109375 0.534375 0.2640625 0.534375 0.2625 0.5375 0.253125 0.5375 0.2515625 0.534375 0.23125 0.5359375 0.2140625 0.5328125 0.2109375 0.5265625 0.2125 0.5046875 0.2171875 0.50625 0.221875 0.5046875 0.221875 0.490625 0.21875 0.4875 0.221875 0.4765625 0.2203125 0.4734375 0.221875 0.471875 0.2203125 0.459375 0.221875 0.453125 0.2171875 0.4484375 0.215625 0.4515625 0.2125 0.4515625 0.2125 0.4078125 0.2109375 0.40625 0.2125 0.4046875 0.2125 0.35 0.2140625 0.3484375 0.2125 0.340625 0.2140625 0.271875 0.21875 0.2640625 0.21875 0.25625 0.215625 0.253125 0.2171875 0.25 0.215625 0.240625 0.2171875 0.2375 0.215625 0.2359375 0.2171875 0.146875 0.215625 0.1453125 0.215625 0.10625 0.2140625 0.1046875 0.215625 0.103125 0.2140625 0.0890625 0.215625 0.0828125 0.2140625 0.015625 0.215625 0.0109375 0.21875 0.009375 0.225 0.0109375 0.2265625 0.009375 0.2359375 0.0109375 0.25625 0.009375 0.2578125 0.0171875 0.2625 0.015625 0.2890625 0.0171875 0.2984375 0.03125 0.303125 0.0328125 0.3015625 0.0390625 0.2953125 0.0375 0.2890625 0.040625 0.2890625 0.046875 0.2859375 0.0515625 0.2828125 0.046875 0.278125 0.0453125 0.2765625 0.0515625 0.271875 0.0546875 0.2765625 0.059375 0.2703125 0.071875 0.2734375 0.078125 0.271875 0.0828125 0.28125 0.0921875 0.2796875 0.1078125 0.2859375 0.115625 0.2859375 0.11875 0.2890625 0.1203125 0.2875 0.125 0.290625 0.13125 0.296875 0.134375 0.309375 0.146875 0.3125 0.1453125 0.3125 0.15 0.325 0.1625 0.328125 0.1625 0.3296875 0.159375 0.33125 0.1640625 0.3359375 0.165625 0.3375 0.16875 0.3359375 0.1734375 0.3390625 0.1765625 0.34375 0.175 0.3546875 0.1765625 0.3578125 0.16875 0.3609375 0.171875 0.3625 0.1703125 0.3625 0.1625 0.365625 0.1578125 0.3640625 0.153125 0.36875 0.15625 0.371875 0.15 0.3671875 0.1375 0.3640625 0.1421875 0.3546875 0.1421875 0.35625 0.1359375 0.3546875 0.11875 0.3625 0.1109375 0.3609375 0.10625 0.3625 0.1015625 0.35625 0.0984375 0.3578125 0.0953125 0.35625 0.0828125 0.359375 0.08125 0.3578125 0.0765625 0.3609375 0.0734375 0.3640625 0.0625 0.3609375 0.05 0.3625 0.046875 0.3546875 0.0421875 0.3609375 0.0390625 0.3625 0.0328125 0.359375 0.0296875 0.3609375 0.025 0.3578125 0.0203125 0.3546875 0.0234375 0.3546875 0.0203125 0.3578125 0.01875 0.3640625 0.0203125 0.3671875 0.0140625 0.371875 0.015625 0.3734375 0.0140625 0.371875 0.009375 0.3671875 0.0078125 0.371875 0.0078125 0.3796875 0.009375 0.3828125 0.015625 0.396875 0.0140625 0.4015625 0.01875 0.3984375 0.0234375 0.4046875 0.025 0.4109375 0.0125 0.415625 0.0109375 0.4171875 0.00625 0.4203125 0.0078125 0.4265625 0.003125