4 0.5984375 0.41484375 0.0875 0.0515625
4 0.446875 0.4046875 0.0796875 0.0484375
3 0.60859375 0.33203125 0.0828125 0.0453125
3 0.46796875 0.31875 0.08046875 0.0453125
9 0.4734375 0.32578125 0.484375 0.27265625
5 0.62734375 0.25625 0.09765625 0.05078125
5 0.33125 0.2375 0.10078125 0.05234375
5 0.48359375 0.24765625 0.10390625 0.05546875
2 0.81015625 0.271875 0.09296875 0.05078125
1 0.80859375 0.44296875 0.096875 0.04765625
12 0.79140625 0.48359375 0.1 0.04921875
0 0.790625 0.35703125 0.08359375 0.04375
8 0.8234375 0.2140625 0.0875 0.05546875
7 0.80390625 0.3984375 0.0859375 0.0453125
10 0.31484375 0.3078125 0.0890625 0.05078125
11 0.30390625 0.3921875 0.08828125 0.04921875
6 0.8015625 0.3125 0.07890625 0.04296875