9 0.47265625 0.66015625 0.3296875 0.540625
4 0.54765625 0.82578125 0.059375 0.1
4 0.5609375 0.66875 0.059375 0.09375
5 0.39375 0.48125 0.059375 0.109375
4 0.5734375 0.5 0.0609375 0.1015625
2 0.32890625 0.20234375 0.065625 0.103125
5 0.384375 0.6453125 0.0671875 0.1265625
5 0.37109375 0.8125 0.0625 0.1234375
7 0.41484375 0.1765625 0.06875 0.1140625
1 0.56484375 0.17421875 0.0703125 0.11875
12 0.26484375 0.70546875 0.06875 0.11875
11 0.58984375 0.253125 0.065625 0.1140625
10 0.453125 0.828125 0.0640625 0.109375
0 0.48203125 0.49609375 0.0578125 0.0984375
8 0.2859375 0.42734375 0.0609375 0.096875
6 0.4625 0.65546875 0.05625 0.09375