2 0.08203125 0.49453125 0.1390625 0.09375
0 0.13515625 0.38046875 0.128125 0.0859375
1 0.16796875 0.2625 0.1359375 0.0921875
3 0.43046875 0.465625 0.1328125 0.090625
8 0.58828125 0.6109375 0.1421875 0.096875
12 0.78046875 0.65546875 0.1484375 0.0984375
5 0.3984375 0.56484375 0.1421875 0.0953125
9 0.60390625 0.50078125 0.6671875 0.475
11 0.8359375 0.45234375 0.1296875 0.0875
4 0.44765625 0.35546875 0.128125 0.090625
7 0.65234375 0.40703125 0.1234375 0.0875
10 0.803125 0.56171875 0.1265625 0.0875
6 0.6171875 0.5203125 0.1171875 0.0828125