9 0.4546875 0.54609375 0.440625 0.2609375
5 0.59375 0.61484375 0.0828125 0.0609375
5 0.59140625 0.53671875 0.090625 0.0640625
4 0.31953125 0.4765625 0.0828125 0.05
4 0.32734375 0.55703125 0.0828125 0.0484375
3 0.47109375 0.5453125 0.0765625 0.046875
5 0.5875 0.4609375 0.08125 0.0546875
3 0.45703125 0.47265625 0.0796875 0.05
2 0.571875 0.36796875 0.0828125 0.05
12 0.2140625 0.37578125 0.0875 0.05625
0 0.4359375 0.3765625 0.06875 0.0453125
1 0.290625 0.365625 0.078125 0.05
8 0.66953125 0.3625 0.0890625 0.0484375
10 0.4734375 0.62421875 0.08125 0.0515625
11 0.33125 0.63125 0.078125 0.0484375
6 0.50546875 0.37265625 0.06875 0.04375
7 0.3625 0.36875 0.078125 0.05