4 0.578125 0.46328125 0.0890625 0.1328125
5 0.346875 0.478125 0.0875 0.14375
4 0.6015625 0.67734375 0.0859375 0.1234375
4 0.62109375 0.86953125 0.0828125 0.1265625
5 0.403125 0.884375 0.0859375 0.153125
5 0.375 0.68125 0.0953125 0.165625
9 0.49453125 0.659375 0.4640625 0.68125
2 0.18359375 0.125 0.1046875 0.153125
11 0.540625 0.1328125 0.096875 0.1578125
12 0.24609375 0.77421875 0.0953125 0.1453125
1 0.48671875 0.05546875 0.0953125 0.1109375
6 0.47578125 0.68359375 0.0875 0.134375
0 0.4609375 0.48046875 0.0828125 0.125
8 0.290625 0.0859375 0.1 0.13125
8 0.1953125 0.43046875 0.09375 0.13125
10 0.50546875 0.8953125 0.08125 0.1296875