3 0.528125 0.39609375 0.09921875 0.0546875
3 0.3671875 0.39296875 0.0953125 0.053125
4 0.55390625 0.3015625 0.10390625 0.06015625
2 0.7953125 0.51015625 0.1015625 0.05546875
9 0.378125 0.38515625 0.540625 0.31484375
12 0.1828125 0.465625 0.11796875 0.0578125
5 0.5234375 0.48828125 0.1109375 0.0578125
5 0.35859375 0.47734375 0.1296875 0.0640625
0 0.79921875 0.40078125 0.09609375 0.05078125
1 0.81015625 0.2953125 0.10859375 0.0625
11 0.21015625 0.28359375 0.10546875 0.0609375
6 0.77265625 0.45546875 0.0890625 0.04921875
8 0.75 0.575 0.10546875 0.05859375
10 0.19453125 0.38125 0.10234375 0.05390625
7 0.375 0.29140625 0.10625 0.06015625