4 0.3171875 0.75625 0.0875 0.128125
4 0.35 0.571875 0.0921875 0.125
5 0.61640625 0.4015625 0.0953125 0.146875
4 0.3890625 0.3625 0.09375 0.134375
5 0.52890625 0.7921875 0.0921875 0.1453125
5 0.571875 0.60078125 0.0984375 0.159375
9 0.45625 0.5765625 0.4953125 0.7015625
0 0.5046875 0.390625 0.090625 0.1296875
2 0.796875 0.09296875 0.0859375 0.0921875
12 0.6875 0.69765625 0.0953125 0.1375
6 0.47265625 0.59140625 0.0875 0.1265625
8 0.70390625 0.0546875 0.08125 0.0578125
11 0.45078125 0.05546875 0.1015625 0.1109375
10 0.42890625 0.78984375 0.0859375 0.1265625
8 0.765625 0.36875 0.0921875 0.1265625