4 0.4671875 0.58515625 0.128125 0.090625
0 0.14609375 0.575 0.125 0.084375
3 0.43984375 0.48359375 0.121875 0.084375
1 0.1953125 0.6859375 0.128125 0.0859375
12 0.771875 0.28359375 0.153125 0.1015625
11 0.84296875 0.478125 0.1390625 0.090625
2 0.39765625 0.3796875 0.1421875 0.0984375
10 0.80390625 0.3734375 0.125 0.0875
6 0.62109375 0.4203125 0.1140625 0.08125
7 0.66640625 0.52890625 0.1265625 0.0875
8 0.5859375 0.33203125 0.14375 0.0984375
9 0.8359259031249999 0.2011241375 0.2640827671875 0.35446790781250004 0.3886021328125 0.6820692671875 0.9524047093749999 0.5118396625 0.8359259031249999 0.2011241375