9 0.5734375 0.46015625 0.5265625 0.3625
4 0.40546875 0.50703125 0.0984375 0.06875
3 0.55234375 0.53828125 0.096875 0.0671875
5 0.7109375 0.49609375 0.1140625 0.0875
2 0.66796875 0.7125 0.096875 0.0734375
5 0.69453125 0.57734375 0.103125 0.075
0 0.5046875 0.66171875 0.0890625 0.065625
1 0.346875 0.61953125 0.0953125 0.06875
6 0.58359375 0.4609375 0.0984375 0.0671875
10 0.6 0.3765625 0.0953125 0.06875
12 0.73125 0.40859375 0.103125 0.0796875
11 0.44921875 0.34296875 0.0953125 0.0703125
7 0.42890625 0.4203125 0.0921875 0.065625
8 0.77578125 0.7203125 0.10625 0.0734375