3 0.45703125 0.62578125 0.1125 0.0671875
4 0.634375 0.60703125 0.1140625 0.06875
2 0.27890625 0.65546875 0.11875 0.0765625
8 0.2515625 0.5546875 0.121875 0.071875
12 0.2203125 0.44921875 0.121875 0.075
0 0.5203125 0.7609375 0.0921875 0.0421875
1 0.71328125 0.740625 0.1015625 0.0625
11 0.5703125 0.40859375 0.1125 0.06875
7 0.603125 0.50546875 0.1140625 0.06875
6 0.40859375 0.53125 0.1015625 0.0625
10 0.38359375 0.42890625 0.10625 0.065625
9 0.6542163046875 0.33991165 0.0976653484375 0.420904946875 0.1953079921875 0.7185905453125 0.7617728671874999 0.650978740625 0.6542163046875 0.33991165