9 0.5640625 0.26640625 0.340625 0.5328125
3 0.47265625 0.221875 0.06328125 0.1078125
5 0.56640625 0.046875 0.07890625 0.09375
5 0.4609375 0.04765625 0.06875 0.09453125
3 0.5734375 0.20234375 0.05703125 0.1015625
5 0.671875 0.04375 0.07109375 0.08671875
3 0.68046875 0.196875 0.0625 0.1046875
0 0.25390625 0.178125 0.06328125 0.1125
1 0.478125 0.415625 0.0640625 0.109375
11 0.68984375 0.38359375 0.07109375 0.1125
7 0.590625 0.40078125 0.06640625 0.10625
6 0.275 0.36640625 0.059375 0.1015625
10 0.253125 0.025 0.0546875 0.04921875