3 0.58203125 0.671875 0.0625 0.109375
3 0.5890625 0.5 0.059375 0.103125
5 0.6796875 0.32890625 0.0625 0.128125
5 0.678125 0.50859375 0.06875 0.134375
5 0.67890625 0.68671875 0.0640625 0.1203125
9 0.578125 0.50703125 0.33125 0.578125
11 0.48984375 0.31171875 0.0578125 0.1140625
1 0.4796875 0.6703125 0.059375 0.1078125
12 0.80390625 0.446875 0.0671875 0.1109375
7 0.48359375 0.48515625 0.0578125 0.10625
10 0.59140625 0.31640625 0.05625 0.10625
8 0.803125 0.75078125 0.065625 0.1078125
1 0.76484375 0.9734375 0.0421875 0.0421875