5 0.36796875 0.57890625 0.14375 0.06796875
9 0.59765625 0.47109375 0.66328125 0.36953125
5 0.7921875 0.5953125 0.14140625 0.06953125
5 0.5765625 0.58671875 0.15390625 0.075
0 0.7953125 0.47890625 0.1390625 0.0703125
10 0.3625 0.47421875 0.12578125 0.0671875
11 0.3734375 0.3515625 0.121875 0.07109375
6 0.58125 0.48203125 0.11640625 0.06484375
7 0.58671875 0.35078125 0.115625 0.07109375
1 0.81171875 0.35390625 0.12890625 0.07421875
12 0.48046875 0.7296875 0.11953125 0.06953125
8 0.84375 0.7484375 0.134375 0.07578125