9 0.48125 0.5125 0.60625 0.353125
3 0.66171875 0.50546875 0.121875 0.06875
4 0.665625 0.39921875 0.1171875 0.06875
0 0.9453125 0.48046875 0.109375 0.0609375
2 0.95859375 0.596875 0.0828125 0.065625
5 0.67578125 0.6078125 0.1328125 0.071875
1 0.93515625 0.36484375 0.11875 0.0625
5 0.48515625 0.615625 0.146875 0.075
12 0.28828125 0.62734375 0.1359375 0.0734375
10 0.284375 0.5296875 0.125 0.0703125
6 0.47734375 0.52421875 0.1203125 0.0703125
11 0.28125 0.4203125 0.1140625 0.0640625
7 0.4671875 0.41015625 0.1078125 0.0640625
8 0.93984375 0.6734375 0.1203125 0.078125