4 0.37734375 0.35546875 0.07421875 0.125
4 0.38359375 0.565625 0.07109375 0.11015625
4 0.38984375 0.75 0.06484375 0.11328125
5 0.60625 0.346875 0.06875 0.134375
5 0.6 0.74296875 0.0640625 0.1390625
5 0.60234375 0.546875 0.0703125 0.15078125
9 0.48828125 0.54296875 0.36875 0.63046875
3 0.49453125 0.35859375 0.065625 0.115625
12 0.73671875 0.621875 0.071875 0.125
3 0.50546875 0.56015625 0.0671875 0.115625
3 0.503125 0.75859375 0.0640625 0.11875
11 0.37109375 0.0453125 0.078125 0.090625
8 0.74609375 0.2828125 0.07265625 0.1203125
0 0.7125 0.02265625 0.053125 0.04375