3 0.39609375 0.475 0.11953125 0.065625
4 0.1953125 0.46640625 0.12265625 0.0671875
0 0.3828125 0.30390625 0.10546875 0.06484375
2 0.60234375 0.29296875 0.115625 0.07421875
9 0.384375 0.57890625 0.6171875 0.33984375
4 0.58515625 0.4703125 0.1125 0.06875
1 0.1609375 0.30546875 0.11953125 0.07109375
11 0.18203125 0.69609375 0.121875 0.06953125
12 0.57421875 0.69609375 0.11640625 0.0765625
8 0.58203125 0.58125 0.11875 0.07265625
10 0.396875 0.69609375 0.11484375 0.06640625
7 0.18828125 0.58515625 0.11796875 0.06328125
6 0.40703125 0.58203125 0.109375 0.0609375