5 0.2796875 0.40078125 0.1421875 0.0859375
5 0.4734375 0.3703125 0.1515625 0.0890625
5 0.6609375 0.3421875 0.1421875 0.0828125
3 0.31171875 0.503125 0.13125 0.0828125
9 0.48046875 0.48125 0.64375 0.4328125
11 0.7078125 0.5390625 0.1203125 0.078125
1 0.32734375 0.6109375 0.121875 0.078125
12 0.52421875 0.22890625 0.13125 0.0921875
8 0.19375 0.27578125 0.1234375 0.0859375
7 0.52734375 0.57578125 0.1171875 0.0765625
10 0.68828125 0.4328125 0.1140625 0.0734375
6 0.49453125 0.46640625 0.1390625 0.090625