4 0.5296875 0.43125 0.078125 0.125
4 0.63984375 0.4265625 0.0796875 0.11875
3 0.4328125 0.64375 0.084375 0.125
3 0.66171875 0.628125 0.0828125 0.121875
9 0.5421875 0.625 0.425 0.6828125
3 0.5453125 0.64296875 0.078125 0.11875
4 0.4078125 0.4390625 0.0828125 0.128125
0 0.2671875 0.71484375 0.071875 0.1203125
7 0.265625 0.6 0.0984375 0.1609375
12 0.678125 0.815625 0.1015625 0.1515625
11 0.23515625 0.45234375 0.0671875 0.1421875
2 0.45 0.85390625 0.0953125 0.1515625
8 0.5640625 0.83125 0.0984375 0.1484375