4 0.48125 0.5875 0.1015625 0.0609375
4 0.68046875 0.590625 0.11484375 0.06328125
4 0.303125 0.5828125 0.1078125 0.05859375
2 0.6921875 0.378125 0.125 0.06484375
9 0.496875 0.4859375 0.59453125 0.33359375
7 0.94921875 0.48984375 0.1015625 0.07578125
12 0.3 0.37890625 0.13203125 0.06875
11 0.94453125 0.35625 0.11015625 0.07421875
1 0.965625 0.59765625 0.06875 0.059375
8 0.496875 0.37890625 0.13515625 0.06640625
0 0.67734375 0.484375 0.11796875 0.06015625
10 0.290625 0.475 0.11171875 0.06015625
6 0.48671875 0.47421875 0.1015625 0.05859375