3 0.52109375 0.3484375 0.071875 0.11875
3 0.52890625 0.15546875 0.0703125 0.11875
5 0.41328125 0.35078125 0.071875 0.13125
5 0.42890625 0.15 0.0796875 0.153125
0 0.4546875 0.72734375 0.065625 0.1140625
9 0.53671875 0.24140625 0.3859375 0.4828125
2 0.28046875 0.67421875 0.0828125 0.128125
12 0.2984375 0.0640625 0.078125 0.128125
1 0.6359375 0.36171875 0.071875 0.1234375
6 0.56640625 0.71796875 0.0640625 0.109375
10 0.35703125 0.7046875 0.0671875 0.1140625
2 0.27265625 0.3890625 0.0734375 0.1234375
7 0.6515625 0.15234375 0.078125 0.128125
4 0.4625 0.01015625 0.021875 0.0203125