2 0.2453125 0.37265625 0.12421875 0.06484375
3 0.28046875 0.47109375 0.1125 0.059375
4 0.2953125 0.57265625 0.11328125 0.06171875
6 0.453125 0.44921875 0.1109375 0.06015625
12 0.6203125 0.3453125 0.121875 0.06796875
11 0.65859375 0.54375 0.109375 0.06015625
0 0.03359375 0.50546875 0.06640625 0.05234375
8 0.42734375 0.36015625 0.115625 0.0640625
10 0.63984375 0.43671875 0.10703125 0.06015625
7 0.48046875 0.55625 0.11015625 0.06171875
1 0 0.590625 0.0046875 0.5890625 0.0109375 0.590625 0.0125 0.5890625 0.0953125 0.5890625 0.0984375 0.59375 0.0984375 0.6078125 0.1015625 0.609375 0.1015625 0.6296875 0.0828125 0.6375 0.0546875 0.6375 0.053125 0.6390625 0 0.6421875 0 0.5921875
9 0.2150375 0.6395397203125001 0.7706375000000001 0.5928095796874999 0.6773770828125001 0.279602803125 0.1287208328125 0.32466472031250004 0.2150375 0.6395397203125001