5 0.72109375 0.55703125 0.1359375 0.1
5 0.6484375 0.34609375 0.1328125 0.10625
5 0.68359375 0.45234375 0.146875 0.1140625
9 0.50390625 0.5015625 0.6890625 0.484375
4 0.34140625 0.65625 0.13125 0.0921875
10 0.4796875 0.3859375 0.13125 0.0953125
12 0.9078125 0.34375 0.140625 0.0984375
6 0.51796875 0.49375 0.1265625 0.0890625
11 0.28515625 0.43828125 0.125 0.09375
0 0.5359375 0.6015625 0.1265625 0.090625
7 0.31015625 0.54609375 0.128125 0.0890625
8 0.95234375 0.5265625 0.0953125 0.0875
0 0.93203125 0.671875 0.05625 0.03125