3 0.4296875 0.2203125 0.075 0.13125
4 0.54453125 0.6375 0.0796875 0.13125
4 0.54765625 0.42109375 0.0796875 0.1234375
3 0.4265625 0.63515625 0.0765625 0.128125
3 0.4234375 0.434375 0.075 0.121875
4 0.54921875 0.22578125 0.075 0.128125
9 0.43203125 0.44453125 0.4328125 0.7078125
0 0.3890625 0.93671875 0.0703125 0.1171875
2 0.3046875 0.65546875 0.0859375 0.140625
11 0.53671875 0.9421875 0.0796875 0.115625
12 0.31640625 0.23046875 0.0875 0.1515625
7 0.45546875 0.9171875 0.0921875 0.1625
8 0.31015625 0.446875 0.0859375 0.1375