4 0.390625 0.38359375 0.0625 0.1
4 0.48515625 0.36875 0.065625 0.1015625
4 0.30234375 0.3984375 0.065625 0.096875
2 0.7015625 0.8140625 0.06875 0.115625
7 0.6765625 0.4015625 0.075 0.115625
5 0.340625 0.7078125 0.078125 0.10625
5 0.4359375 0.6953125 0.0828125 0.1109375
5 0.528125 0.68359375 0.071875 0.1046875
9 0.41484375 0.53671875 0.353125 0.5453125
7 0.7015625 0.66484375 0.0765625 0.1171875
12 0.6265625 0.35234375 0.071875 0.109375
3 0.50390625 0.53125 0.06875 0.0984375
12 0.42421875 0.9 0.0703125 0.1109375
2 0.5796875 0.8765625 0.0640625 0.109375
3 0.31796875 0.565625 0.06875 0.1
3 0.41484375 0.55546875 0.0625 0.0953125
2 0.6984375 0.78359375 0.05625 0.053125
12 0.65078125 0.3765625 0.1265625 0.178125
5 0.7140625 0.84140625 0.0359375 0.0515625
4 0.396875 0.38203125 0.2578125 0.128125
5 0.3390625 0.73515625 0.04375 0.046875