4 0.41640625 0.5734375 0.06875 0.1234375
4 0.64921875 0.5609375 0.0671875 0.11328125
3 0.41953125 0.3640625 0.0703125 0.11484375
4 0.5390625 0.56875 0.06640625 0.1203125
3 0.65 0.35546875 0.06953125 0.1109375
3 0.53359375 0.3515625 0.06640625 0.115625
0 0.2453125 0.31328125 0.05859375 0.1125
9 0.525 0.375 0.359375 0.63984375
2 0.4140625 0.15390625 0.078125 0.14296875
12 0.64609375 0.16953125 0.08046875 0.1359375
7 0.25859375 0.42734375 0.08125 0.15234375
11 0.24140625 0.57890625 0.0484375 0.12890625
3 0.64921875 0.34765625 0.0375 0.07890625
8 0.534375 0.0984375 0.5421875 0.1171875 0.5421875 0.1234375 0.546875 0.13125 0.5578125 0.171875 0.5609375 0.175 0.5609375 0.184375 0.5640625 0.190625 0.5640625 0.2171875 0.565625 0.21875 0.5625 0.2265625 0.5296875 0.2265625 0.528125 0.2234375 0.5046875 0.2234375 0.4984375 0.221875 0.4953125 0.2171875 0.4953125 0.196875 0.5 0.1859375 0.5 0.1796875 0.521875 0.1171875 0.525 0.1140625 0.5296875 0.1 0.5328125 0.0984375