3 0.5546875 0.51328125 0.0734375 0.121875
3 0.571875 0.709375 0.071875 0.1203125
3 0.58203125 0.92265625 0.0703125 0.125
4 0.46484375 0.921875 0.06875 0.1234375
4 0.45 0.728125 0.075 0.1203125
4 0.4375 0.51640625 0.075 0.125
9 0.559375 0.684375 0.396875 0.63125
0 0.56875 0.20625 0.0671875 0.1125
7 0.50390625 0.23125 0.084375 0.15625
1 0.45703125 0.09296875 0.0859375 0.15
12 0.69296875 0.91171875 0.084375 0.15
2 0.6375 0.43125 0.6515625 0.4328125 0.6640625 0.4484375 0.6671875 0.4484375 0.678125 0.4609375 0.6953125 0.475 0.7 0.4828125 0.709375 0.490625 0.7109375 0.496875 0.7015625 0.50625 0.7015625 0.509375 0.6765625 0.5328125 0.6765625 0.5359375 0.659375 0.55 0.659375 0.553125 0.653125 0.559375 0.646875 0.559375 0.6421875 0.5546875 0.6390625 0.53125 0.640625 0.5 0.6375 0.478125 0.6390625 0.471875 0.6390625 0.4546875 0.6359375 0.44375 0.6375 0.4328125
8 0.6453125 0.6359375 0.659375 0.6390625 0.6734375 0.6515625 0.678125 0.6609375 0.684375 0.6625 0.69375 0.6734375 0.70625 0.68125 0.7171875 0.703125 0.715625 0.7140625 0.6859375 0.74375 0.6859375 0.746875 0.6796875 0.753125 0.6734375 0.75625 0.6625 0.7671875 0.6484375 0.7671875 0.65 0.7609375 0.6484375 0.7453125 0.65 0.74375 0.6453125 0.709375 0.646875 0.678125 0.64375 0.66875 0.6453125 0.6609375 0.6421875 0.653125 0.6453125 0.646875 0.6453125 0.6375
10 0.55 0.028125 0.5546875 0.0296875 0.5609375 0.0359375 0.571875 0.0546875 0.575 0.065625 0.575 0.09375 0.5734375 0.0953125 0.575 0.1 0.571875 0.115625 0.565625 0.13125 0.5546875 0.140625 0.5390625 0.140625 0.525 0.1296875 0.525 0.125 0.521875 0.121875 0.5140625 0.096875 0.5140625 0.0734375 0.51875 0.0578125 0.5171875 0.05 0.521875 0.040625 0.5328125 0.0296875 0.5484375 0.028125
6 0.5953125 0.040625 0.6125 0.0390625 0.621875 0.0453125 0.628125 0.053125 0.6296875 0.0625 0.6328125 0.065625 0.6375 0.0953125 0.634375 0.1171875 0.6296875 0.1265625 0.6296875 0.13125 0.625 0.140625 0.615625 0.1515625 0.6109375 0.1515625 0.609375 0.1546875 0.5984375 0.1546875 0.5859375 0.14375 0.5765625 0.11875 0.5765625 0.0796875 0.58125 0.0703125 0.58125 0.0625 0.5890625 0.0484375 0.5953125 0.0421875
11 0.4078125 0.1328125 0.41875 0.14375 0.4265625 0.1453125 0.43125 0.15 0.4390625 0.153125 0.446875 0.1625 0.4515625 0.1640625 0.4546875 0.1734375 0.453125 0.178125 0.4546875 0.1875 0.45 0.2015625 0.4484375 0.2203125 0.4453125 0.2265625 0.446875 0.2359375 0.44375 0.2421875 0.4421875 0.2578125 0.4375 0.2625 0.4296875 0.2609375 0.41875 0.2515625 0.4046875 0.2453125 0.4015625 0.240625 0.3859375 0.23125 0.384375 0.2265625 0.384375 0.209375 0.3890625 0.196875 0.3875 0.1890625 0.3921875 0.1765625 0.3921875 0.1671875 0.396875 0.1515625 0.396875 0.140625 0.4 0.134375 0.40625 0.1328125