3 0.48671875 0.65234375 0.06640625 0.115625
3 0.4890625 0.8453125 0.0640625 0.115625
5 0.59453125 0.64453125 0.06484375 0.12734375
5 0.5890625 0.84609375 0.071875 0.15
0 0.53359375 0.2703125 0.059375 0.1109375
9 0.47734375 0.76328125 0.3609375 0.47265625
2 0.71015625 0.31484375 0.07578125 0.12421875
12 0.72421875 0.93125 0.07109375 0.1375
1 0.371875 0.6453125 0.065625 0.1203125
6 0.42265625 0.2859375 0.05859375 0.10703125
10 0.63203125 0.28828125 0.0609375 0.11171875
2 0.7328125 0.59921875 0.06796875 0.11953125
7 0.3671875 0.85546875 0.07109375 0.12421875
4 0.56328125 0.98828125 0.02109375 0.021875