3 0.4984375 0.50625 0.128125 0.06796875
3 0.29375 0.5140625 0.1265625 0.06875
4 0.5078125 0.38515625 0.12890625 0.0734375
2 0.86875 0.628125 0.1328125 0.0765625
0 0.846875 0.490625 0.128125 0.065625
9 0.315625 0.5 0.63125 0.37578125
5 0.3 0.61875 0.15625 0.075
5 0.5125 0.621875 0.1421875 0.07109375
12 0.078125 0.6203125 0.15234375 0.07578125
1 0.8328125 0.35703125 0.13203125 0.06875
11 0.06953125 0.38671875 0.13828125 0.06640625
6 0.828125 0.5609375 0.11953125 0.065625
8 0.82578125 0.71328125 0.1328125 0.08046875
7 0.27265625 0.3875 0.134375 0.06953125
10 0.071875 0.5140625 0.1296875 0.06796875