9 0.34453125 0.38125 0.34453125 0.609375
5 0.23515625 0.19453125 0.0640625 0.13515625
2 0.1390625 0.92265625 0.08046875 0.11875
3 0.33359375 0.37109375 0.0609375 0.10703125
3 0.34375 0.55078125 0.06328125 0.11015625
3 0.32734375 0.1796875 0.059375 0.11328125
5 0.23828125 0.57421875 0.06484375 0.125
5 0.23671875 0.38359375 0.06875 0.1421875
1 0.4515625 0.5421875 0.06171875 0.1140625
0 0.31796875 0.93515625 0.0609375 0.11015625
12 0.10390625 0.325 0.07265625 0.11953125
11 0.43359375 0.1671875 0.0609375 0.12578125
6 0.42421875 0.896875 0.05703125 0.10625
7 0.44375 0.3453125 0.06015625 0.11796875
10 0.21875 0.93828125 0.06328125 0.11015625
8 0.10703125 0.646875 0.08046875 0.1109375