9 0.60078125 0.5234375 0.6 0.33984375
2 0.09375 0.40390625 0.13125 0.06640625
3 0.4265625 0.5171875 0.125 0.065625
0 0.115625 0.528125 0.11640625 0.05859375
5 0.41953125 0.4125 0.13046875 0.0640625
12 0.81171875 0.4171875 0.1390625 0.06640625
4 0.415625 0.62734375 0.11328125 0.0640625
11 0.81328125 0.62578125 0.11015625 0.0578125
7 0.62578125 0.6265625 0.11875 0.06171875
1 0.1203125 0.65 0.121875 0.06171875
6 0.61875 0.51015625 0.1234375 0.06484375
10 0.81171875 0.51328125 0.1171875 0.0625
8 0.6125 0.41328125 0.1234375 0.06640625