4 0.72734375 0.55390625 0.12265625 0.065625
3 0.5265625 0.54609375 0.11953125 0.06796875
0 0.546875 0.7203125 0.10234375 0.065625
2 0.3265625 0.73359375 0.115625 0.07265625
9 0.53828125 0.44296875 0.61328125 0.33984375
12 0.3453125 0.3265625 0.115625 0.0796875
5 0.33828125 0.5515625 0.11484375 0.06953125
7 0.728125 0.4359375 0.11328125 0.06484375
11 0.728125 0.32734375 0.11015625 0.06875
1 0.76640625 0.71796875 0.11484375 0.07265625
8 0.340625 0.440625 0.121875 0.071875
10 0.521875 0.32578125 0.11015625 0.065625
6 0.51328125 0.43828125 0.1046875 0.06015625