5 0.63671875 0.42109375 0.1421875 0.06953125
5 0.42421875 0.4125 0.1609375 0.07578125
5 0.2078125 0.40546875 0.14609375 0.071875
9 0.40546875 0.5265625 0.6671875 0.3765625
0 0.2078125 0.52265625 0.1375 0.07109375
10 0.63984375 0.5265625 0.12265625 0.065625
1 0.18984375 0.646875 0.13125 0.07421875
6 0.42109375 0.51875 0.13125 0.071875
7 0.4171875 0.6484375 0.11640625 0.07109375
11 0.62265625 0.65 0.1265625 0.06875
12 0.52265625 0.26875 0.13046875 0.0734375
8 0.1609375 0.25234375 0.1296875 0.07109375