4 0.60390625 0.3578125 0.0703125 0.1234375
4 0.7125 0.36640625 0.071875 0.11875
4 0.48125 0.35 0.075 0.1296875
5 0.4875 0.7640625 0.08125 0.1296875
5 0.71796875 0.75546875 0.084375 0.1234375
5 0.60078125 0.7578125 0.09375 0.1359375
1 0.24453125 0.4171875 0.065625 0.15
2 0.278125 0.9453125 0.078125 0.109375
7 0.26015625 0.77265625 0.071875 0.1578125
9 0.59453125 0.54921875 0.3875 0.6734375
11 0.2921875 0.34375 0.084375 0.1359375
12 0.65078125 0.9671875 0.0734375 0.059375
8 0.45234375 0.97265625 0.0703125 0.0546875
0 0.4890625 0.5625 0.071875 0.11875
6 0.60625 0.58046875 0.0703125 0.115625
10 0.72421875 0.57734375 0.075 0.1171875