9 0.7109375 0.440625 0.578125 0.3375
0 0.24453125 0.453125 0.11015625 0.0578125
3 0.55390625 0.43828125 0.109375 0.059375
4 0.5515625 0.546875 0.1125 0.06328125
1 0.2609375 0.57265625 0.1125 0.0578125
2 0.54375 0.32890625 0.1296875 0.0671875
11 0.9390625 0.53984375 0.12109375 0.05859375
12 0.93203125 0.33125 0.13515625 0.06796875
8 0.73828125 0.33125 0.13203125 0.06875
7 0.75859375 0.54296875 0.12109375 0.0609375
10 0.9375 0.42890625 0.115625 0.0609375
6 0.74765625 0.42734375 0.10546875 0.05703125