3 0.5109375 0.5234375 0.05625 0.09765625
5 0.59296875 0.34296875 0.059375 0.1140625
9 0.49765625 0.5203125 0.31484375 0.55
3 0.49921875 0.359375 0.05625 0.10078125
3 0.5140625 0.696875 0.05234375 0.10234375
5 0.596875 0.68515625 0.05625 0.1203125
5 0.59453125 0.51484375 0.06015625 0.12578125
2 0.6765625 0.046875 0.06640625 0.09375
0 0.521875 0.03515625 0.053125 0.0703125
1 0.4 0.36484375 0.0578125 0.1046875
12 0.71171875 0.57109375 0.0625 0.1078125
11 0.415625 0.70703125 0.0546875 0.10625
6 0.42421875 0.046875 0.0515625 0.09375
10 0.60859375 0.03671875 0.05390625 0.07265625
8 0.70703125 0.2828125 0.05859375 0.09765625
7 0.40859375 0.54375 0.05625 0.0984375