3 0.578125 0.66484375 0.096875 0.0578125
5 0.42734375 0.578125 0.103125 0.06875
4 0.73359375 0.67265625 0.1 0.0578125
3 0.56484375 0.58046875 0.090625 0.0515625
5 0.428125 0.66484375 0.0953125 0.0609375
4 0.7296875 0.58125 0.09375 0.0515625
5 0.43046875 0.48984375 0.09375 0.065625
9 0.5828125 0.584375 0.4953125 0.2875
10 0.56640625 0.49140625 0.0875 0.0546875
0 0.596875 0.76796875 0.0796875 0.0359375
11 0.7296875 0.4984375 0.09375 0.053125
2 0.4390625 0.76171875 0.0671875 0.0359375
8 0.33359375 0.75859375 0.0734375 0.0359375
6 0.515625 0.765625 0.0796875 0.0359375
12 0.84140625 0.77890625 0.078125 0.03125
7 0.68203125 0.77421875 0.0828125 0.028125
1 0.76171875 0.78125 0.075 0.021875