4 0.63515625 0.55859375 0.0546875 0.0984375
4 0.65390625 0.2421875 0.0609375 0.103125
5 0.4671875 0.53203125 0.0578125 0.115625
5 0.47265625 0.37265625 0.0625 0.121875
4 0.64453125 0.409375 0.059375 0.0953125
5 0.4765625 0.215625 0.05625 0.1109375
1 0.56171875 0.23046875 0.053125 0.0953125
6 0.54921875 0.38828125 0.05 0.090625
12 0.36328125 0.41484375 0.059375 0.10625
10 0.5453125 0.55234375 0.053125 0.0984375
8 0.36953125 0.146875 0.059375 0.1015625
9 0.7111271109375 0.1609106234375 0.42715386093749996 0.104866171875 0.41502148281249995 0.5971832421875 0.68610885 0.6501672046875 0.7111271109375 0.1609106234375