4 0.4125 0.44921875 0.1453125 0.0984375
3 0.621875 0.61328125 0.140625 0.0953125
3 0.62890625 0.49453125 0.14375 0.1
5 0.84140625 0.53046875 0.1453125 0.1046875
5 0.81328125 0.6484375 0.1546875 0.11875
0 0.63203125 0.29375 0.13125 0.0953125
2 0.88828125 0.334375 0.1578125 0.103125
9 0.6015625 0.60078125 0.765625 0.515625
1 0.3921875 0.25703125 0.1359375 0.0984375
6 0.75625 0.328125 0.13125 0.0921875
12 0.79609375 0.77578125 0.1515625 0.1140625
7 0.39609375 0.57890625 0.1390625 0.0984375
10 0.6046875 0.7359375 0.1375 0.0953125
11 0.384375 0.6921875 0.134375 0.1015625
8 0.98125 0.3765625 0.0375 0.0875
11 0.746875 0.76484375 0.04375 0.08125