4 0.64921875 0.48359375 0.05546875 0.10078125
4 0.6765625 0.8203125 0.0609375 0.1078125
4 0.66328125 0.63984375 0.06015625 0.09921875
5 0.46953125 0.50625 0.05546875 0.1171875
5 0.4859375 0.85 0.059375 0.1171875
5 0.478125 0.6765625 0.06171875 0.125
9 0.5765625 0.66953125 0.32109375 0.56171875
0 0.57890625 0.8328125 0.05625 0.10546875
8 0.371875 0.91875 0.06328125 0.1125
10 0.55390625 0.4890625 0.0515625 0.09921875
12 0.3609375 0.62890625 0.05859375 0.10703125
6 0.5609375 0.66171875 0.05 0.0921875