4 0.43984375 0.371875 0.09375 0.0609375
3 0.58515625 0.390625 0.090625 0.059375
5 0.72109375 0.4015625 0.090625 0.065625
5 0.71796875 0.484375 0.1015625 0.071875
9 0.5765625 0.46875 0.5 0.3234375
2 0.73515625 0.2734375 0.0890625 0.05625
0 0.571875 0.2625 0.0828125 0.059375
10 0.58671875 0.55234375 0.0921875 0.0609375
6 0.59296875 0.47109375 0.0875 0.05625
1 0.41484375 0.25 0.0890625 0.0625
7 0.440625 0.45625 0.0875 0.0578125
8 0.83671875 0.296875 0.0984375 0.0640625
12 0.715625 0.56484375 0.0984375 0.06875
11 0.440625 0.53359375 0.0875 0.0578125