9 0.6640625 0.4875 0.628125 0.4515625
2 0.22421875 0.71875 0.1234375 0.0859375
0 0.2171875 0.60078125 0.1171875 0.08125
5 0.68984375 0.58359375 0.1421875 0.0953125
1 0.19921875 0.48984375 0.121875 0.0828125
5 0.51796875 0.63125 0.13125 0.0890625
3 0.5015625 0.5359375 0.1171875 0.0828125
4 0.4671875 0.4390625 0.1171875 0.084375
12 0.875 0.53203125 0.1484375 0.0984375
11 0.8265625 0.34453125 0.1265625 0.084375
8 0.284375 0.778125 0.121875 0.09375
7 0.65703125 0.38984375 0.1203125 0.0828125
10 0.85234375 0.44609375 0.125 0.0859375
6 0.6796875 0.4953125 0.1109375 0.0796875