3 0.6390625 0.50546875 0.1375 0.09375
4 0.590625 0.39609375 0.1359375 0.096875
5 0.659375 0.61640625 0.1515625 0.1015625
5 0.8546875 0.56171875 0.1671875 0.1078125
2 0.32734375 0.7140625 0.14375 0.1015625
0 0.3125 0.58046875 0.1296875 0.0890625
9 0.72890625 0.47578125 0.5421875 0.4828125
1 0.28515625 0.4515625 0.1390625 0.0953125
6 0.8421875 0.4609375 0.1375 0.09375
8 0.40234375 0.7828125 0.140625 0.10625
7 0.8078125 0.33984375 0.1546875 0.0984375
4 0.94921875 0.303125 0.0484375 0.06875
3 0.98125 0.41953125 0.0375 0.0578125