9 0.51875 0.53359375 0.5859375 0.3796875
2 0.0734375 0.378125 0.125 0.0765625
0 0.08671875 0.4875 0.1125 0.0671875
3 0.3578125 0.50703125 0.1125 0.0703125
5 0.359375 0.4140625 0.125 0.075
12 0.70625 0.4546875 0.1296875 0.0765625
4 0.34375 0.6046875 0.1109375 0.0734375
1 0.0859375 0.59609375 0.1171875 0.0703125
7 0.52734375 0.62265625 0.1109375 0.0703125
8 0.528125 0.43359375 0.1234375 0.075
10 0.7015625 0.540625 0.1109375 0.0703125
11 0.69453125 0.640625 0.115625 0.0703125
6 0.528125 0.51796875 0.1 0.065625