3 0.30078125 0.41171875 0.0984375 0.06875
4 0.28203125 0.490625 0.096875 0.06875
9 0.4296875 0.44296875 0.5109375 0.3640625
5 0.446875 0.36484375 0.121875 0.0796875
5 0.30546875 0.3328125 0.10625 0.071875
2 0.08125 0.2796875 0.090625 0.06875
6 0.43828125 0.434375 0.090625 0.0640625
0 0.07890625 0.37265625 0.0953125 0.0625
7 0.4296875 0.52109375 0.090625 0.065625
10 0.58125 0.46796875 0.0921875 0.0640625
12 0.5890625 0.39453125 0.10625 0.0734375
11 0.5640625 0.5484375 0.0953125 0.065625
1 0.07421875 0.4625 0.1 0.0671875
8 0.1125 0.228125 0.1046875 0.0765625