3 0.484375 0.3109375 0.0953125 0.1265625
3 0.59453125 0.34765625 0.0984375 0.13125
3 0.3640625 0.28515625 0.1046875 0.1359375
5 0.41328125 0.10390625 0.1140625 0.1421875
5 0.6515625 0.1484375 0.1078125 0.14375
5 0.53203125 0.12890625 0.1203125 0.153125
9 0.48203125 0.3421875 0.5171875 0.684375
0 0.821875 0.32109375 0.0671875 0.125
11 0.31171875 0.4890625 0.096875 0.128125
6 0.76328125 0.5203125 0.075 0.11875
7 0.4265625 0.52265625 0.0984375 0.13125
10 0.86953125 0.1421875 0.0625 0.1078125
1 0.5484375 0.5546875 0.1046875 0.146875