2 0.121875 0.3796875 0.12109375 0.06015625
5 0.6109375 0.38984375 0.13984375 0.06640625
5 0.42734375 0.38828125 0.12421875 0.06171875
1 0.15078125 0.61015625 0.11640625 0.059375
4 0.42421875 0.5921875 0.10625 0.06015625
9 0.609375 0.4890625 0.58046875 0.3203125
0 0.14453125 0.496875 0.1078125 0.05234375
3 0.4328125 0.48671875 0.109375 0.059375
12 0.80625 0.38984375 0.13515625 0.065625
11 0.80234375 0.59296875 0.11953125 0.059375
8 0.16328125 0.30703125 0.115625 0.0671875
7 0.621875 0.5921875 0.10703125 0.0578125
6 0.6171875 0.48046875 0.11328125 0.06015625
10 0.80546875 0.48359375 0.10859375 0.05859375