5 0.53828125 0.62109375 0.146875 0.0796875
5 0.75078125 0.60234375 0.1671875 0.084375
2 0.1765625 0.65703125 0.1421875 0.0796875
3 0.534375 0.50390625 0.1296875 0.0734375
0 0.18828125 0.5171875 0.128125 0.06875
4 0.5046875 0.3828125 0.1328125 0.078125
1 0.178125 0.38125 0.1390625 0.0796875
9 0.6875 0.48671875 0.625 0.4234375
8 0.2390625 0.740625 0.13125 0.0828125
7 0.74296875 0.365625 0.1390625 0.0765625
12 0.94765625 0.5890625 0.1046875 0.08125
6 0.7546875 0.49765625 0.125 0.071875
10 0.94921875 0.47734375 0.1015625 0.0734375
11 0.93671875 0.35 0.1203125 0.0765625