3 0.4 0.43046875 0.06875 0.109375
3 0.49765625 0.42265625 0.0625 0.103125
5 0.60234375 0.2734375 0.071875 0.103125
9 0.4921875 0.4375 0.3390625 0.571875
5 0.4015625 0.259375 0.0734375 0.109375
5 0.503125 0.26484375 0.078125 0.115625
10 0.6 0.428125 0.0640625 0.0984375
1 0.38984375 0.60625 0.065625 0.1078125
2 0.25078125 0.0890625 0.03125 0.0859375
7 0.49453125 0.6078125 0.0625 0.103125
12 0.55234375 0.05703125 0.0703125 0.1125
8 0.38046875 0.04765625 0.0640625 0.0953125
6 0.225 0.540625 0.025 0.0859375
0 0.2265625 0.36640625 0.0125 0.0703125
11 0.58984375 0.60625 0.0640625 0.0890625