9 0.47421875 0.52890625 0.56875 0.34375
2 0.940625 0.46875 0.11875 0.06875
0 0.90703125 0.57421875 0.1109375 0.059375
3 0.6375 0.5359375 0.109375 0.0640625
5 0.65546875 0.4453125 0.1203125 0.0671875
12 0.3078125 0.41328125 0.125 0.06875
4 0.63046875 0.634375 0.10625 0.0671875
1 0.88515625 0.68046875 0.1140625 0.0640625
7 0.44765625 0.61484375 0.1078125 0.0640625
8 0.4859375 0.4296875 0.1203125 0.0671875
10 0.29453125 0.4984375 0.1078125 0.0640625
11 0.28046875 0.59765625 0.1125 0.0625
6 0.46875 0.51171875 0.096875 0.059375