5 0.7359375 0.490625 0.1109375 0.0625
1 0.9375 0.70546875 0.0953125 0.0578125
9 0.578125 0.56484375 0.5078125 0.315625
4 0.7109375 0.66015625 0.0984375 0.0609375
3 0.71796875 0.57265625 0.096875 0.0578125
0 0.95234375 0.60859375 0.0828125 0.053125
2 0.9703125 0.51328125 0.059375 0.0546875
11 0.40546875 0.621875 0.0953125 0.05625
12 0.43125 0.459375 0.10625 0.059375
8 0.58203125 0.47421875 0.10625 0.0609375
10 0.41796875 0.534375 0.090625 0.05625
7 0.55 0.6390625 0.0921875 0.0578125
6 0.56796875 0.5484375 0.0875 0.0546875