3 0.51171875 0.5078125 0.1109375 0.0625
4 0.5078125 0.39296875 0.10625 0.065625
3 0.7 0.50390625 0.128125 0.06875
4 0.71171875 0.3953125 0.1203125 0.06875
5 0.70703125 0.61015625 0.1375 0.0703125
5 0.51171875 0.60234375 0.140625 0.071875
9 0.5234375 0.49921875 0.603125 0.3546875
10 0.31640625 0.50234375 0.115625 0.0640625
12 0.3171875 0.596875 0.1328125 0.0703125
1 0.9734375 0.36875 0.053125 0.065625
11 0.31953125 0.39140625 0.115625 0.065625
0 0.97734375 0.49609375 0.0453125 0.0546875
8 0.9609375 0.7015625 0.0703125 0.0671875
6 0.9703125 0.5625 0.059375 0.059375