9 0.5140625 0.44296875 0.4734375 0.3359375
3 0.38984375 0.4734375 0.090625 0.0625
4 0.40390625 0.54765625 0.0875 0.0625
2 0.14453125 0.45859375 0.0984375 0.0671875
5 0.49609375 0.3703125 0.1140625 0.0734375
5 0.36328125 0.4046875 0.0984375 0.0640625
12 0.63046875 0.33359375 0.1046875 0.0703125
0 0.18671875 0.53515625 0.0875 0.059375
1 0.215625 0.61171875 0.0921875 0.0609375
10 0.65078125 0.40078125 0.0875 0.0625
11 0.66875 0.4765625 0.0859375 0.0578125
7 0.54375 0.51015625 0.0875 0.0609375
6 0.5171875 0.43359375 0.0796875 0.05625
8 0.159375 0.40078125 0.09375 0.0671875