9 0.66484375 0.5015625 0.6109375 0.409375
2 0.20625 0.69375 0.121875 0.078125
0 0.209375 0.57578125 0.115625 0.0734375
5 0.68203125 0.6 0.1390625 0.084375
1 0.20078125 0.4640625 0.11875 0.075
5 0.50625 0.63203125 0.128125 0.0796875
3 0.4984375 0.5359375 0.1140625 0.075
4 0.47265625 0.43671875 0.1140625 0.0765625
12 0.87109375 0.56484375 0.1453125 0.0875
11 0.8390625 0.3734375 0.125 0.075
8 0.2609375 0.7578125 0.11875 0.0859375
7 0.66640625 0.40390625 0.11875 0.075
10 0.85546875 0.47734375 0.121875 0.078125
6 0.6796875 0.5109375 0.1078125 0.071875