9 0.584375 0.46484375 0.57890625 0.3265625
3 0.7546875 0.46015625 0.1109375 0.05859375
4 0.75 0.3609375 0.11171875 0.06328125
5 0.77421875 0.55625 0.11953125 0.06015625
10 0.39765625 0.4828125 0.10703125 0.0578125
7 0.56171875 0.36953125 0.103125 0.06015625
12 0.4109375 0.57265625 0.12421875 0.0625
11 0.3875 0.378125 0.10546875 0.05859375
6 0.5796875 0.47578125 0.0984375 0.0546875
8 0.59453125 0.5640625 0.12734375 0.0609375
1 0.975 0.328125 0.046875 0.05625
0 0.98671875 0.4375 0.0234375 0.0421875