3 0.57421875 0.45859375 0.12265625 0.0640625
5 0.18671875 0.34609375 0.14140625 0.06875
3 0.171875 0.4453125 0.12109375 0.06328125
4 0.57421875 0.57421875 0.12265625 0.06953125
4 0.36328125 0.5671875 0.11484375 0.06796875
3 0.37734375 0.44765625 0.115625 0.0640625
5 0.3890625 0.346875 0.15390625 0.07265625
5 0.59140625 0.34765625 0.1390625 0.06875
2 0.85390625 0.3578125 0.11953125 0.0734375
9 0.384375 0.46171875 0.640625 0.3625
1 0.8859375 0.60390625 0.12734375 0.0671875
12 0.865625 0.66875 0.1390625 0.075
7 0.86953125 0.53984375 0.1234375 0.0640625
0 0.84296875 0.47890625 0.11875 0.059375
8 0.85703125 0.27734375 0.11875 0.08203125
10 0.94296875 0.43515625 0.1140625 0.06796875
11 0.1578125 0.56171875 0.13203125 0.065625
0 0.84453125 0.4171875 0.11640625 0.06171875