3 0.42109375 0.6734375 0.06015625 0.10859375
3 0.4109375 0.5015625 0.05703125 0.10234375
5 0.3171875 0.33203125 0.0609375 0.1265625
5 0.321875 0.51171875 0.0671875 0.13359375
5 0.32421875 0.68984375 0.06171875 0.11953125
9 0.421875 0.50859375 0.321875 0.571875
11 0.50703125 0.31171875 0.05546875 0.11328125
1 0.5234375 0.6703125 0.0578125 0.10703125
12 0.1953125 0.45234375 0.065625 0.11015625
7 0.51640625 0.48515625 0.05546875 0.10546875
10 0.40546875 0.31796875 0.0546875 0.1046875
8 0.2015625 0.75625 0.06328125 0.10703125
1 0.24375 0.978125 0.04140625 0.0421875