4 0.65625 0.55234375 0.0953125 0.1421875
3 0.51953125 0.303125 0.09375 0.15
3 0.5125 0.53359375 0.0875 0.140625
4 0.65390625 0.30625 0.0984375 0.15625
3 0.52109375 0.775 0.0875 0.146875
9 0.5265625 0.5203125 0.525 0.828125
4 0.65546875 0.77265625 0.0890625 0.146875
11 0.6484375 0.009375 0.0625 0.01875
12 0.4234375 0.6796875 0.4296875 0.678125 0.43125 0.684375 0.4296875 0.7 0.4328125 0.7046875 0.43125 0.7171875 0.4359375 0.7578125 0.434375 0.771875 0.4375 0.790625 0.4359375 0.796875 0.4375 0.7984375 0.4359375 0.8015625 0.4375 0.834375 0.4359375 0.8375 0.4328125 0.840625 0.421875 0.8390625 0.415625 0.8328125 0.4140625 0.828125 0.409375 0.8265625 0.40625 0.821875 0.403125 0.821875 0.403125 0.81875 0.3890625 0.8046875 0.3859375 0.8046875 0.3828125 0.796875 0.375 0.7890625 0.3625 0.78125 0.3609375 0.7765625 0.35625 0.775 0.35625 0.7609375 0.3625 0.7484375 0.3734375 0.7375 0.3734375 0.734375 0.3859375 0.7234375 0.390625 0.7140625 0.396875 0.7109375 0.4046875 0.703125 0.40625 0.6984375 0.41875 0.6890625 0.4234375 0.68125
8 0.4140625 0.4421875 0.4234375 0.446875 0.425 0.4578125 0.4234375 0.459375 0.4265625 0.46875 0.4265625 0.4765625 0.4234375 0.4828125 0.425 0.4859375 0.4234375 0.4875 0.425 0.5015625 0.4234375 0.503125 0.4265625 0.5140625 0.4234375 0.5203125 0.425 0.521875 0.4234375 0.5265625 0.425 0.5359375 0.4234375 0.5484375 0.425 0.5875 0.4234375 0.5921875 0.4265625 0.5953125 0.41875 0.59375 0.415625 0.5890625 0.4046875 0.5828125 0.3953125 0.571875 0.3921875 0.571875 0.384375 0.5625 0.38125 0.5625 0.3734375 0.5546875 0.3703125 0.546875 0.3640625 0.54375 0.3546875 0.5328125 0.3546875 0.5296875 0.3484375 0.525 0.3484375 0.509375 0.35 0.5078125 0.3484375 0.5046875 0.353125 0.4984375 0.3671875 0.4890625 0.384375 0.471875 0.3828125 0.4703125 0.3875 0.4671875 0.3875 0.4640625 0.4046875 0.4515625 0.4046875 0.4484375 0.4140625 0.44375
2 0.403125 0.1984375 0.409375 0.203125 0.4125 0.21875 0.415625 0.271875 0.41875 0.2890625 0.4171875 0.3375 0.4203125 0.3390625 0.421875 0.34375 0.4203125 0.35 0.4125 0.35 0.4078125 0.3421875 0.396875 0.334375 0.3921875 0.328125 0.3890625 0.328125 0.384375 0.321875 0.38125 0.321875 0.375 0.315625 0.3734375 0.3109375 0.3609375 0.3046875 0.3578125 0.296875 0.3515625 0.2921875 0.3359375 0.271875 0.3375 0.2609375 0.3484375 0.25 0.3515625 0.25 0.3671875 0.234375 0.3703125 0.2265625 0.378125 0.2234375 0.3859375 0.215625 0.3859375 0.2125 0.4015625 0.1984375