7 0.925 0.42421875 0.15 0.084375
1 0.94296875 0.540625 0.1140625 0.0609375
4 0.609375 0.53203125 0.11640625 0.06484375
2 0.6203125 0.30859375 0.1328125 0.06875
4 0.40703125 0.528125 0.1046875 0.0625
4 0.22421875 0.5234375 0.1125 0.059375
12 0.21875 0.31328125 0.14296875 0.0734375
9 0.4296875 0.4203125 0.61640625 0.353125
11 0.91015625 0.2828125 0.13671875 0.08359375
0 0.60703125 0.41953125 0.11875 0.0640625
10 0.21328125 0.4125 0.11875 0.0609375
8 0.41953125 0.31171875 0.13515625 0.0703125
6 0.40859375 0.41015625 0.10703125 0.06015625