3 0.5453125 0.546875 0.1234375 0.071875
3 0.56953125 0.43671875 0.121875 0.0734375
4 0.7625 0.55 0.13125 0.071875
5 0.353125 0.66484375 0.128125 0.090625
3 0.53359375 0.66875 0.11875 0.078125
4 0.77109375 0.4296875 0.1265625 0.075
5 0.3703125 0.54609375 0.134375 0.09375
5 0.38125 0.43515625 0.121875 0.0796875
9 0.565625 0.55546875 0.6953125 0.4125
2 0.415625 0.30234375 0.1171875 0.0703125
1 0.821875 0.26875 0.121875 0.08125
12 0.925 0.27578125 0.1296875 0.0875
7 0.71484375 0.28125 0.1140625 0.078125
0 0.6078125 0.3 0.1 0.0671875
8 0.2765625 0.30546875 0.1265625 0.071875
11 0.75234375 0.6640625 0.128125 0.0796875
6 0.50703125 0.30390625 0.1 0.065625
10 0.54296875 0.25390625 0.109375 0.06875