4 0.43046875 0.5625 0.1046875 0.1453125
4 0.48671875 0.7828125 0.096875 0.134375
3 0.55546875 0.5359375 0.1 0.1421875
3 0.61015625 0.734375 0.0953125 0.134375
4 0.53203125 0.95390625 0.0796875 0.0921875
1 0.36484375 0.08984375 0.121875 0.1578125
3 0.65234375 0.928125 0.0859375 0.10625
0 0.5125 0.18515625 0.096875 0.1375
11 0.34140625 0.209375 0.1140625 0.1734375
2 0.68359375 0.49921875 0.1125 0.1625
7 0.446875 0.23203125 0.125 0.1890625
12 0.7640625 0.89375 0.1 0.1296875
8 0.725 0.709375 0.1109375 0.16875
9 0.55051536875 1 0.83640893125 0.939664371875 0.724840603125 0.33840510625000003 0.322486953125 0.46551171875 0.467627446875 1 0.55051536875 1
6 0.496875 0.05 0.4984375 0.04375 0.4953125 0.034375 0.496875 0.0234375 0.4953125 0.01875 0.503125 0 0.5515625 0 0.5640625 0.028125 0.56875 0.0515625 0.5671875 0.053125 0.56875 0.0765625 0.5609375 0.0984375 0.5484375 0.1125 0.5421875 0.1140625 0.534375 0.1140625 0.528125 0.1109375 0.5265625 0.1125 0.5234375 0.1078125 0.5203125 0.1078125 0.5125 0.1 0.5 0.071875 0.4984375 0.0515625
10 0.421875 0.028125 0.4234375 0.0265625 0.421875 0.0203125 0.4234375 0.009375 0.4265625 0.0046875 0.440625 0.003125 0.4484375 0 0.48125 0 0.48125 0.0046875 0.4890625 0.0140625 0.4921875 0.034375 0.4953125 0.0375 0.49375 0.0390625 0.4953125 0.05 0.4984375 0.0578125 0.4953125 0.0640625 0.496875 0.065625 0.4953125 0.0703125 0.496875 0.08125 0.49375 0.0921875 0.490625 0.09375 0.490625 0.0984375 0.48125 0.109375 0.4640625 0.1109375 0.4625 0.1078125 0.4546875 0.10625 0.4453125 0.096875 0.440625 0.0875 0.4359375 0.084375 0.4359375 0.0796875 0.4296875 0.0703125 0.428125 0.0578125 0.4234375 0.05 0.425 0.0453125 0.421875 0.034375 0.4234375 0.0296875