3 0.615625 0.43359375 0.05625 0.10078125
3 0.6171875 0.6078125 0.05390625 0.1046875
5 0.7015625 0.246875 0.06015625 0.11796875
5 0.70078125 0.4234375 0.0640625 0.13125
3 0.60625 0.2640625 0.05625 0.10625
9 0.60546875 0.425 0.3140625 0.559375
5 0.70234375 0.59765625 0.0578125 0.12421875
1 0.50703125 0.2671875 0.0578125 0.10703125
7 0.51328125 0.44921875 0.05625 0.10390625
11 0.52109375 0.61328125 0.05546875 0.1078125
12 0.82109375 0.48671875 0.065625 0.11015625
8 0.796875 0.1375 0.8 0.1359375 0.8171875 0.1375 0.81875 0.140625 0.828125 0.14375 0.8296875 0.146875 0.8421875 0.15 0.8484375 0.15625 0.8515625 0.1671875 0.85 0.184375 0.840625 0.1921875 0.834375 0.2078125 0.8296875 0.2125 0.8296875 0.215625 0.821875 0.225 0.81875 0.2328125 0.8109375 0.2359375 0.803125 0.234375 0.796875 0.1875 0.79375 0.1796875 0.7921875 0.1546875 0.7890625 0.1484375 0.790625 0.1421875 0.796875 0.1390625