3 0.63359375 0.46796875 0.1328125 0.0921875
4 0.66875 0.5734375 0.134375 0.0953125
9 0.45859375 0.5203125 0.68125 0.4875
2 0.91328125 0.27890625 0.1 0.0875
5 0.61796875 0.3625 0.1453125 0.0984375
11 0.271875 0.6734375 0.115625 0.0828125
6 0.44609375 0.5078125 0.1296875 0.0921875
1 0.9453125 0.521875 0.109375 0.09375
12 0.2328125 0.4640625 0.159375 0.1046875
7 0.46328125 0.625 0.1265625 0.090625
10 0.2546875 0.559375 0.1296875 0.0921875
0 0.93515625 0.4046875 0.1203125 0.0828125
8 0.4265625 0.4125 0.146875 0.1015625