3 0.40390625 0.50390625 0.06015625 0.1078125
3 0.409375 0.6921875 0.065625 0.121875
5 0.30546875 0.51328125 0.06953125 0.14375
5 0.309375 0.3171875 0.0640625 0.13359375
3 0.4046875 0.3078125 0.059375 0.11328125
5 0.30234375 0.70625 0.065625 0.12890625
9 0.41015625 0.51640625 0.34375 0.5984375
11 0.51328125 0.30859375 0.059375 0.1203125
1 0.51875 0.6984375 0.06171875 0.1140625
12 0.17265625 0.43828125 0.07265625 0.12265625
7 0.51875 0.49375 0.06015625 0.1125
8 0.1640625 0.76875 0.0734375 0.11484375