5 0.21328125 0.684375 0.2078125 0.1078125
5 0.490625 0.67890625 0.1890625 0.103125
9 0.3265625 0.53125 0.653125 0.528125
6 0.19140625 0.546875 0.1765625 0.096875
0 0.4640625 0.525 0.1609375 0.0953125
12 0.1109375 0.878125 0.184375 0.1140625
1 0.46328125 0.36015625 0.175 0.0984375
2 0.9515625 0.83046875 0.096875 0.1171875
4 0.02265625 0.65625 0.028125 0.0296875
8 0.65 0.821875 0.653125 0.825 0.6515625 0.8359375 0.653125 0.8421875 0.6515625 0.8484375 0.6484375 0.85 0.6453125 0.8625 0.6375 0.875 0.634375 0.8859375 0.63125 0.8875 0.6234375 0.903125 0.6203125 0.9046875 0.6109375 0.9265625 0.596875 0.9375 0.5875 0.9359375 0.584375 0.9375 0.575 0.93125 0.5703125 0.93125 0.55625 0.9171875 0.546875 0.9125 0.5421875 0.90625 0.5140625 0.890625 0.503125 0.88125 0.496875 0.878125 0.4953125 0.8796875 0.4875 0.8703125 0.4875 0.865625 0.4921875 0.8625 0.4921875 0.859375 0.5 0.8484375 0.5140625 0.84375 0.521875 0.84375 0.525 0.840625 0.5765625 0.834375 0.590625 0.8296875 0.6125 0.8296875 0.615625 0.8265625 0.6484375 0.821875
7 0.0953125 0.3359375 0.1 0.3375 0.1015625 0.3359375 0.1515625 0.334375 0.153125 0.3328125 0.2203125 0.33125 0.2484375 0.3390625 0.2515625 0.3453125 0.25625 0.3484375 0.25625 0.3578125 0.253125 0.359375 0.253125 0.3640625 0.25625 0.365625 0.259375 0.371875 0.2578125 0.375 0.259375 0.3765625 0.2578125 0.3875 0.259375 0.409375 0.253125 0.415625 0.2359375 0.4171875 0.228125 0.4203125 0.21875 0.41875 0.1859375 0.4203125 0.184375 0.421875 0.178125 0.4203125 0.1578125 0.421875 0.15625 0.4203125 0.1546875 0.4234375 0.15 0.421875 0.1453125 0.4234375 0.1359375 0.4203125 0.1203125 0.421875 0.1046875 0.4171875 0.096875 0.4171875 0.0921875 0.4125 0.090625 0.40625 0.090625 0.378125 0.0890625 0.3765625 0.0890625 0.3546875 0.090625 0.353125 0.0890625 0.346875 0.090625 0.340625 0.0953125 0.3375