9 0.334375 0.39140625 0.3984375 0.64375
3 0.31953125 0.3859375 0.0703125 0.1125
5 0.24453125 0.59296875 0.075 0.1328125
3 0.34609375 0.56328125 0.0703125 0.1171875
3 0.29921875 0.19765625 0.06875 0.1171875
5 0.20625 0.21796875 0.075 0.1375
5 0.22734375 0.40546875 0.0796875 0.146875
2 0.175 0.94140625 0.0875 0.1171875
0 0.35625 0.9453125 0.071875 0.109375
6 0.45859375 0.90078125 0.065625 0.1109375
12 0.090625 0.35625 0.084375 0.128125
11 0.403125 0.17265625 0.071875 0.1328125
7 0.428125 0.3484375 0.071875 0.1203125
1 0.4546875 0.54296875 0.0703125 0.121875
10 0.2578125 0.9515625 0.075 0.096875
8 0.11875 0.67734375 0.090625 0.11875