3 0.49296875 0.525 0.071875 0.10625
5 0.38125 0.36171875 0.078125 0.121875
9 0.50546875 0.51953125 0.40625 0.596875
3 0.4765625 0.36171875 0.0734375 0.109375
3 0.5203125 0.69609375 0.06875 0.109375
5 0.43671875 0.69921875 0.0765625 0.128125
5 0.409375 0.53125 0.08125 0.134375
2 0.24765625 0.084375 0.08125 0.103125
0 0.39765625 0.04609375 0.0640625 0.078125
1 0.575 0.34921875 0.075 0.1125
12 0.30390625 0.60703125 0.0796875 0.1171875
11 0.61875 0.6890625 0.071875 0.1140625
6 0.49609375 0.0453125 0.0671875 0.090625
10 0.3125 0.0625 0.065625 0.08125
8 0.25859375 0.321875 0.075 0.10625
7 0.59765625 0.52734375 0.071875 0.10625