9 0.58046875 0.34375 0.73203125 0.2421875
5 0.3484375 0.39609375 0.1375 0.08203125
3 0.57578125 0.3859375 0.13828125 0.07578125
4 0.8078125 0.38984375 0.1484375 0.07421875
5 0.3546875 0.26875 0.14609375 0.0921875
3 0.559375 0.26328125 0.12734375 0.0734375
2 0.33828125 0.6046875 0.14296875 0.07578125
0 0.60078125 0.59375 0.11953125 0.06875
1 0.85546875 0.5828125 0.134375 0.07421875
8 0.1734375 0.58203125 0.15078125 0.0765625
6 0.46484375 0.5828125 0.115625 0.065625
7 0.8109375 0.25546875 0.134375 0.0671875