5 0.58828125 0.41640625 0.134375 0.06953125
3 0.2046875 0.54140625 0.11796875 0.0609375
5 0.3953125 0.43203125 0.146875 0.0703125
3 0.59140625 0.5234375 0.11640625 0.0640625
4 0.6203125 0.63671875 0.1234375 0.07109375
4 0.41484375 0.6453125 0.1109375 0.065625
9 0.415625 0.5359375 0.62578125 0.37109375
2 0.8328125 0.40390625 0.11328125 0.071875
3 0.4015625 0.528125 0.11171875 0.06171875
5 0.203125 0.44765625 0.134375 0.065625
12 0.92109375 0.70703125 0.13515625 0.0703125
1 0.93203125 0.64140625 0.11953125 0.0625
7 0.89765625 0.58125 0.13359375 0.07109375
0 0.85546875 0.521875 0.115625 0.05859375
10 0.9421875 0.4734375 0.11484375 0.0640625
8 0.8203125 0.32265625 0.1171875 0.075
6 0.8390625 0.46328125 0.10859375 0.059375
11 0.21953125 0.65625 0.1234375 0.065625