9 0.5921875 0.44609375 0.740625 0.5109375
3 0.58359375 0.459375 0.1328125 0.0890625
3 0.7953125 0.4234375 0.1453125 0.09375
4 0.58046875 0.334375 0.13125 0.0921875
5 0.79609375 0.525 0.159375 0.1015625
3 0.38671875 0.48359375 0.1296875 0.0890625
4 0.36953125 0.37109375 0.1328125 0.0921875
5 0.58828125 0.5578125 0.1671875 0.1046875
5 0.38984375 0.590625 0.140625 0.0953125
2 0.15625 0.61484375 0.1296875 0.0890625
1 0.08984375 0.396875 0.1484375 0.0921875
12 0.09453125 0.33359375 0.1515625 0.0984375
8 0.1671875 0.6921875 0.1328125 0.0953125
0 0.1484375 0.50703125 0.121875 0.078125
11 0.7859375 0.3 0.146875 0.0984375
7 0.115625 0.45234375 0.140625 0.0875
10 0.0671875 0.5609375 0.121875 0.0828125
6 0.1578125 0.5625 0.1140625 0.0765625