3 0.73359375 0.45078125 0.1609375 0.0890625
3 0.95625 0.446875 0.084375 0.084375
4 0.9609375 0.6046875 0.0734375 0.0859375
5 0.7203125 0.30546875 0.178125 0.09375
4 0.71953125 0.6015625 0.15625 0.0921875
5 0.94140625 0.31484375 0.1171875 0.0953125
0 0.378125 0.459375 0.14375 0.0828125
2 0.3890625 0.3015625 0.1375 0.1015625
12 0.33203125 0.70859375 0.1734375 0.1
2 0.3109375 0.621875 0.153125 0.0890625
9 0.7828125 0.459375 0.434375 0.48125
0 0.384375 0.3796875 0.14375 0.0828125
8 0.3921875 0.19453125 0.15 0.1125
8 0.34140625 0.53984375 0.15625 0.090625