3 0.57109375 0.57734375 0.090625 0.05078125
4 0.74296875 0.66484375 0.09375 0.05390625
4 0.7359375 0.57265625 0.09375 0.04921875
3 0.5859375 0.66171875 0.08828125 0.05234375
5 0.434375 0.58125 0.0984375 0.065625
5 0.43203125 0.49375 0.08828125 0.0609375
9 0.58671875 0.57890625 0.49375 0.2671875
5 0.4375 0.6671875 0.09296875 0.05859375
10 0.5703125 0.48671875 0.0921875 0.0546875
11 0.73046875 0.490625 0.09296875 0.05078125
2 0.45234375 0.7640625 0.06875 0.034375
12 0.8578125 0.765625 0.0921875 0.0296875
7 0.69375 0.76796875 0.0859375 0.0265625
0 0.6078125 0.7640625 0.07890625 0.03515625
8 0.3453125 0.7640625 0.06875 0.03359375
1 0.77265625 0.771875 0.07421875 0.01796875