9 0.5359375 0.46015625 0.4546875 0.6984375
4 0.51796875 0.26640625 0.08125 0.1265625
4 0.625 0.26015625 0.08125 0.121875
4 0.3984375 0.278125 0.0890625 0.134375
5 0.6796875 0.634375 0.0921875 0.125
5 0.56953125 0.65625 0.10625 0.140625
5 0.45859375 0.68046875 0.096875 0.1328125
11 0.215625 0.3 0.0953125 0.1578125
12 0.6484375 0.884375 0.096875 0.1421875
0 0.43515625 0.484375 0.0859375 0.125
2 0.30078125 0.91171875 0.065625 0.140625
6 0.55078125 0.4828125 0.084375 0.125
8 0.46015625 0.93046875 0.0890625 0.1390625
10 0.66328125 0.46171875 0.0828125 0.11875