9 0.4640625 0.51484375 0.659375 0.44375
5 0.6859375 0.46484375 0.1390625 0.08125
5 0.5015625 0.4203125 0.15 0.0921875
5 0.3125 0.3765625 0.134375 0.0859375
11 0.63203125 0.66171875 0.115625 0.078125
0 0.290625 0.4765625 0.125 0.078125
10 0.66796875 0.55625 0.1234375 0.0796875
12 0.615625 0.3109375 0.1265625 0.084375
6 0.478125 0.5109375 0.115625 0.0765625
1 0.25 0.5796875 0.1265625 0.084375
7 0.4484375 0.6234375 0.1171875 0.08125
2 0.0625 0.2203125 0.046875 0.046875
8 0.2984375 0.196875 0.3265625 0.225 0.3265625 0.228125 0.33125 0.2296875 0.3421875 0.240625 0.34375 0.2453125 0.3515625 0.253125 0.353125 0.2609375 0.34375 0.2625 0.33125 0.2609375 0.3265625 0.2625 0.309375 0.2609375 0.3078125 0.2625 0.3046875 0.259375 0.2890625 0.259375 0.278125 0.25625 0.2625 0.2578125 0.253125 0.25625 0.24375 0.25 0.2421875 0.2390625 0.2546875 0.2265625 0.259375 0.225 0.2609375 0.21875 0.26875 0.2109375 0.271875 0.2109375 0.2828125 0.196875 0.2875 0.1953125 0.296875 0.196875