5 0.5328125 0.44375 0.14296875 0.06953125
5 0.72265625 0.440625 0.13359375 0.0671875
5 0.340625 0.44765625 0.13671875 0.06484375
3 0.71328125 0.5453125 0.11484375 0.06328125
9 0.5375 0.55078125 0.5921875 0.33828125
12 0.45234375 0.31328125 0.11875 0.06640625
10 0.3296875 0.54296875 0.11171875 0.059375
12 0.33828125 0.6546875 0.11796875 0.06328125
1 0.7265625 0.65703125 0.1140625 0.0640625
7 0.52421875 0.65546875 0.1125 0.065625
6 0.5296875 0.5390625 0.1375 0.07109375
8 0.778125 0.3078125 0.11796875 0.0671875