4 0.546875 0.66171875 0.1234375 0.0921875
3 0.7765625 0.61171875 0.1296875 0.0875
5 0.803125 0.521875 0.146875 0.0953125
5 0.61875 0.46015625 0.1609375 0.1046875
3 0.40546875 0.50078125 0.128125 0.0890625
3 0.5890625 0.55078125 0.1234375 0.0875
4 0.35 0.60234375 0.1359375 0.0984375
5 0.4359375 0.39765625 0.140625 0.0953125
2 0.20390625 0.3265625 0.125 0.0953125
9 0.57265625 0.55703125 0.696875 0.5109375
0 0.14921875 0.4359375 0.125 0.084375
12 0.05625 0.59921875 0.1125 0.0984375
8 0.234375 0.25078125 0.13125 0.1015625
7 0.09453125 0.48203125 0.1421875 0.096875
10 0.07734375 0.36640625 0.1265625 0.090625
1 0.05546875 0.5328125 0.1109375 0.0875
11 0.73671875 0.71953125 0.1234375 0.0875
6 0.17890625 0.38125 0.11875 0.0828125