4 0.3640625 0.70390625 0.09375 0.1359375
3 0.525 0.5234375 0.0921875 0.128125
4 0.39921875 0.50859375 0.0953125 0.1296875
3 0.56015625 0.31875 0.096875 0.140625
3 0.48046875 0.73203125 0.0890625 0.1328125
4 0.44296875 0.290625 0.103125 0.14375
9 0.5140625 0.51328125 0.51875 0.734375
0 0.653125 0.05 0.06875 0.0625
12 0.5703125 0.6640625 0.578125 0.665625 0.58125 0.66875 0.5828125 0.675 0.5890625 0.68125 0.590625 0.6875 0.6 0.7 0.603125 0.7109375 0.6078125 0.7140625 0.6078125 0.7171875 0.6171875 0.728125 0.6234375 0.746875 0.621875 0.75625 0.6140625 0.7640625 0.6109375 0.7640625 0.596875 0.775 0.59375 0.775 0.5796875 0.7875 0.575 0.7875 0.5625 0.796875 0.553125 0.8015625 0.54375 0.8015625 0.540625 0.790625 0.5703125 0.665625
8 0.6109375 0.465625 0.615625 0.4609375 0.625 0.4625 0.628125 0.4671875 0.628125 0.471875 0.6359375 0.478125 0.640625 0.4875 0.646875 0.4921875 0.6484375 0.4984375 0.6515625 0.5 0.6546875 0.509375 0.659375 0.5140625 0.66875 0.5328125 0.6671875 0.534375 0.6703125 0.540625 0.6703125 0.546875 0.6625 0.55625 0.6546875 0.5578125 0.6453125 0.565625 0.6421875 0.565625 0.640625 0.5703125 0.634375 0.571875 0.6328125 0.575 0.6265625 0.5765625 0.625 0.5796875 0.621875 0.5796875 0.609375 0.5890625 0.6046875 0.5890625 0.5890625 0.5984375 0.584375 0.5953125 0.5859375 0.5734375 0.5921875 0.5515625 0.590625 0.546875 0.5921875 0.5390625 0.5953125 0.5359375 0.59375 0.5328125 0.596875 0.51875 0.6015625 0.4984375 0.60625 0.490625 0.6109375 0.4671875
2 0.6640625 0.2578125 0.6734375 0.2578125 0.6828125 0.2640625 0.68125 0.265625 0.6859375 0.275 0.6890625 0.2765625 0.6875 0.2796875 0.6921875 0.28125 0.6953125 0.2859375 0.69375 0.2875 0.7 0.29375 0.6984375 0.296875 0.7015625 0.2984375 0.709375 0.3125 0.7140625 0.315625 0.7125 0.3171875 0.71875 0.3234375 0.7171875 0.325 0.7203125 0.3265625 0.71875 0.3375 0.7109375 0.34375 0.7078125 0.34375 0.7 0.3515625 0.7 0.3546875 0.6796875 0.3625 0.6703125 0.36875 0.6640625 0.3765625 0.6546875 0.378125 0.653125 0.38125 0.6390625 0.3875 0.6359375 0.3828125 0.6359375 0.378125 0.6640625 0.259375