4 0.59453125 0.62890625 0.0515625 0.09453125
4 0.4984375 0.63203125 0.0546875 0.0953125
4 0.68359375 0.625 0.0546875 0.090625
2 0.33828125 0.1640625 0.05625 0.109375
7 0.3125 0.57578125 0.06171875 0.10859375
5 0.68359375 0.31328125 0.0671875 0.09921875
5 0.5875 0.3140625 0.0703125 0.103125
5 0.49453125 0.3140625 0.0609375 0.09765625
9 0.5890625 0.47421875 0.29296875 0.5140625
7 0.3203125 0.31171875 0.06328125 0.11015625
12 0.35625 0.63125 0.06015625 0.103125
3 0.5 0.46875 0.0578125 0.0921875
12 0.62421875 0.1125 0.0578125 0.10390625
2 0.4671875 0.11640625 0.05234375 0.103125
3 0.68828125 0.45703125 0.05703125 0.09375
3 0.59140625 0.45546875 0.0515625 0.08984375
2 0.3375 0.19453125 0.05078125 0.04765625
12 0.33515625 0.60390625 0.1078125 0.16640625
5 0.32890625 0.13515625 0.03046875 0.0484375
4 0.58828125 0.6296875 0.246875 0.09921875
5 0.68828125 0.2859375 0.0390625 0.0421875