9 0.4484375 0.384375 0.4734375 0.6703125
3 0.446875 0.4078125 0.0875 0.1203125
5 0.3828125 0.59921875 0.1015625 0.13125
5 0.59609375 0.55 0.0984375 0.13125
3 0.54609375 0.36953125 0.0921875 0.128125
5 0.49296875 0.575 0.109375 0.1390625
3 0.3390625 0.43203125 0.090625 0.121875
2 0.81328125 0.6859375 0.0703125 0.115625
12 0.5078125 0.815625 0.090625 0.125
1 0.5015625 0.171875 0.090625 0.13125
8 0.6890625 0.77890625 0.0921875 0.1328125
11 0.2875 0.23359375 0.0890625 0.125
7 0.390625 0.20078125 0.0890625 0.1328125
0 0.75 0.38671875 0.0484375 0.0984375
6 0.696875 0.2015625 0.0609375 0.10625
10 0.7890625 0.55625 0.053125 0.1046875