3 0.60546875 0.54140625 0.0734375 0.103125
3 0.51015625 0.51796875 0.071875 0.1046875
3 0.421875 0.48359375 0.075 0.1078125
9 0.5140625 0.49609375 0.4 0.59375
5 0.571875 0.68828125 0.0828125 0.109375
5 0.38125 0.6453125 0.0828125 0.1140625
5 0.47890625 0.66484375 0.0875 0.1203125
2 0.1921875 0.7640625 0.071875 0.1296875
0 0.23203125 0.49375 0.0546875 0.1
1 0.4546875 0.31328125 0.075 0.1109375
12 0.47265625 0.87265625 0.0796875 0.11875
6 0.26953125 0.325 0.06875 0.1015625
12 0.640625 0.37421875 0.075 0.10625
12 0.3125 0.8375 0.075 0.1171875
7 0.5515625 0.34140625 0.0703125 0.1046875
10 0.20703125 0.6421875 0.05625 0.1