5 0.3015625 0.6328125 0.2125 0.1203125
5 0.559375 0.6046875 0.1796875 0.1078125
5 0.07109375 0.65859375 0.11875 0.10625
9 0.36875 0.47578125 0.7375 0.5765625
2 0.9484375 0.6984375 0.103125 0.115625
8 0.6390625 0.77578125 0.1640625 0.1125
12 0.196875 0.8265625 0.1828125 0.1203125
1 0.54765625 0.31640625 0.1640625 0.1109375
7 0.27109375 0.3421875 0.16875 0.115625
11 0.0421875 0.3640625 0.084375 0.096875
10 0.05 0.52265625 0.1 0.0984375
0 0.54453125 0.46640625 0.1953125 0.1140625
6 0.2875 0.5015625 0.171875 0.1078125