3 0.75859375 0.596875 0.09921875 0.05390625
5 0.77265625 0.51015625 0.1125 0.05859375
4 0.759375 0.68828125 0.096875 0.0546875
9 0.615625 0.6 0.50859375 0.290625
12 0.446875 0.5046875 0.11015625 0.05390625
11 0.434375 0.6765625 0.08671875 0.05390625
6 0.60078125 0.58515625 0.0921875 0.0515625
8 0.60859375 0.50703125 0.1125 0.05625
1 0.97265625 0.71328125 0.05234375 0.0546875
10 0.43828125 0.5828125 0.09296875 0.0515625
7 0.59140625 0.68203125 0.09140625 0.05625
0 0.98125 0.6125 0.03515625 0.04609375