9 0.54765625 0.45625 0.42890625 0.23828125
5 0.4125 0.38046875 0.0796875 0.05703125
5 0.4109375 0.45859375 0.08828125 0.06015625
4 0.67890625 0.5328125 0.08125 0.0453125
4 0.67578125 0.45234375 0.08046875 0.04375
3 0.53125 0.45625 0.075 0.04375
5 0.4109375 0.534375 0.078125 0.05078125
3 0.54140625 0.5296875 0.07734375 0.0453125
2 0.42109375 0.628125 0.08125 0.04609375
12 0.77890625 0.6390625 0.084375 0.05234375
0 0.5578125 0.6265625 0.06640625 0.0421875
1 0.70234375 0.6453125 0.0765625 0.04609375
8 0.3234375 0.628125 0.08671875 0.04375
10 0.5328125 0.37734375 0.078125 0.04765625
11 0.675 0.378125 0.0765625 0.04453125
6 0.4875 0.6265625 0.06640625 0.03984375
7 0.63046875 0.63828125 0.0765625 0.04609375