3 0.4703125 0.47578125 0.1078125 0.05859375
4 0.484375 0.37578125 0.1078125 0.06171875
9 0.3078125 0.46796875 0.54921875 0.31171875
0 0.74921875 0.471875 0.103125 0.053125
2 0.765625 0.58125 0.1140625 0.0609375
5 0.4734375 0.57109375 0.11484375 0.059375
1 0.74765625 0.3609375 0.1125 0.0609375
12 0.11171875 0.56171875 0.1296875 0.0625
11 0.11953125 0.36875 0.11640625 0.0578125
6 0.29296875 0.4796875 0.09765625 0.05390625
10 0.11328125 0.47265625 0.10625 0.05703125
8 0.29375 0.565625 0.1234375 0.0625
7 0.29375 0.371875 0.10625 0.05703125