9 0.5140625 0.5546875 0.4640625 0.321875
2 0.14921875 0.5546875 0.0953125 0.0640625
5 0.50234375 0.6296875 0.1109375 0.06875
0 0.1875 0.47578125 0.0890625 0.0578125
4 0.4046875 0.45625 0.0875 0.059375
5 0.36953125 0.6 0.0984375 0.0625
3 0.39296875 0.53125 0.0859375 0.0578125
12 0.6375 0.66171875 0.103125 0.065625
2 0.2140625 0.39765625 0.0921875 0.0578125
10 0.65625 0.5953125 0.09375 0.0625
11 0.675 0.51953125 0.084375 0.05625
8 0.165625 0.61328125 0.0921875 0.065625
7 0.54375 0.4890625 0.0859375 0.0578125
6 0.52265625 0.56796875 0.078125 0.0546875