2 0.36328125 0.49921875 0.1765625 0.08671875
0 0.73203125 0.53515625 0.14453125 0.07734375
12 0.325 0.3203125 0.175 0.10078125
7 0.6265625 0.61796875 0.1921875 0.10390625
8 0.79375 0.4484375 0.18046875 0.078125
11 0.07421875 0.49921875 0.1484375 0.10625
1 0.57109375 0.30078125 0.18125 0.11015625
10 0.43359375 0.61796875 0.15234375 0.08828125
4 0.5703125 0.95703125 0.14375 0.08203125
6 0.18359375 0.65234375 0.15078125 0.08828125
4 0.8390625 0.93984375 0.14375 0.0875
4 0.31015625 0.97109375 0.159375 0.05234375