9 0.68046875 0.57578125 0.6390625 0.5390625
3 0.559375 0.55078125 0.1546875 0.1046875
3 0.78125 0.6046875 0.146875 0.1
4 0.5828125 0.41640625 0.1546875 0.109375
4 0.81953125 0.46953125 0.1453125 0.103125
5 0.51875 0.6734375 0.1734375 0.1140625
5 0.74921875 0.71640625 0.1859375 0.11875
2 0.22421875 0.61015625 0.1421875 0.1078125
0 0.25234375 0.46953125 0.1484375 0.0984375
7 0.234375 0.390625 0.1578125 0.1078125
5 0.9265625 0.74453125 0.071875 0.0765625
12 0.2625 0.24296875 0.1734375 0.1171875
8 0.20390625 0.70390625 0.1484375 0.1203125
1 0.2265625 0.3140625 0.1546875 0.1046875
6 0.23828125 0.53984375 0.140625 0.0953125
4 0.98203125 0.50859375 0.0359375 0.0765625
3 0.96171875 0.640625 0.0484375 0.0703125