9 0.34921875 0.334375 0.4390625 0.6625
3 0.2140625 0.32109375 0.084375 0.1171875
3 0.43046875 0.30625 0.084375 0.11875
3 0.32578125 0.30625 0.08125 0.115625
5 0.29921875 0.1375 0.103125 0.1390625
5 0.19140625 0.15234375 0.09375 0.128125
5 0.4046875 0.121875 0.090625 0.128125
0 0.634375 0.21953125 0.08125 0.1203125
12 0.24453125 0.50546875 0.0796875 0.1140625
6 0.65078125 0.4109375 0.0765625 0.1109375
1 0.45859375 0.49375 0.084375 0.11875
10 0.6015625 0.05390625 0.084375 0.1078125
7 0.3453125 0.5046875 0.084375 0.115625
11 0.2671875 0.503125 0.0375 0.090625