2 0.69765625 0.28828125 0.1171875 0.075
1 0.2953125 0.28203125 0.1046875 0.06875
0 0.49453125 0.28984375 0.0984375 0.0671875
4 0.33359375 0.43515625 0.11875 0.0703125
12 0.68046875 0.6609375 0.1140625 0.08125
11 0.33984375 0.6390625 0.103125 0.0703125
8 0.68203125 0.55859375 0.1171875 0.0765625
3 0.51328125 0.4515625 0.1109375 0.06875
5 0.684375 0.4578125 0.115625 0.075
7 0.33671875 0.54453125 0.1046875 0.0671875
10 0.521875 0.65078125 0.103125 0.0671875
6 0.5296875 0.55234375 0.096875 0.0609375
9 0.7987046078125 0.4025543671875 0.2235510234375 0.370958065625 0.24102472812500003 0.6850160375 0.778568375 0.706120428125 0.7987046078125 0.4025543671875