3 0.56953125 0.68828125 0.14296875 0.07890625
4 0.28046875 0.56484375 0.15625 0.08203125
3 0.53046875 0.5546875 0.14609375 0.0796875
2 0.74609375 0.30625 0.159375 0.08515625
5 0.771875 0.53671875 0.15078125 0.09140625
0 0.46171875 0.3328125 0.13203125 0.0796875
5 0.7875 0.67734375 0.16484375 0.1046875
9 0.534375 0.61640625 0.83125 0.3265625
1 0.184375 0.35859375 0.1453125 0.08046875
6 0.609375 0.33671875 0.13671875 0.07734375
8 0.921875 0.321875 0.1515625 0.08515625
7 0.30234375 0.71640625 0.15 0.0953125