2 0.76328125 0.61015625 0.1328125 0.0734375
3 0.7203125 0.5125 0.1125 0.0671875
4 0.6984375 0.41328125 0.121875 0.071875
0 0.9640625 0.4625 0.06875 0.05625
12 0.3921875 0.6625 0.1296875 0.075
11 0.3390625 0.46875 0.1140625 0.06875
7 0.515625 0.4421875 0.1125 0.06875
10 0.36640625 0.5734375 0.1109375 0.065625
8 0.578125 0.63359375 0.128125 0.071875
6 0.5484375 0.5484375 0.1046875 0.0625
1 0.93828125 0.35546875 0.1078125 0.065625
9 0.773929953125 0.33370966874999997 0.23518754375 0.4180976390625 0.329234653125 0.7351424953125 0.8866307515624999 0.64725904375 0.773929953125 0.33370966874999997