9 0.396875 0.42578125 0.31171875 0.56484375
3 0.39453125 0.2625 0.0578125 0.1046875
3 0.3859375 0.4328125 0.0546875 0.09765625
5 0.2984375 0.24765625 0.05703125 0.115625
5 0.2984375 0.42578125 0.06171875 0.12421875
3 0.38359375 0.609375 0.05234375 0.09921875
5 0.296875 0.596875 0.05625 0.11875
1 0.4921875 0.2671875 0.05703125 0.10703125
7 0.48671875 0.45390625 0.053125 0.1015625
12 0.17890625 0.48515625 0.0671875 0.1109375
11 0.47890625 0.615625 0.05546875 0.1109375
8 0.1828125 0.1375 0.2 0.1359375 0.209375 0.1421875 0.209375 0.1640625 0.20625 0.171875 0.20625 0.1890625 0.203125 0.19375 0.2015625 0.2203125 0.196875 0.2359375 0.1859375 0.2359375 0.18125 0.2328125 0.1734375 0.2171875 0.159375 0.196875 0.159375 0.19375 0.1546875 0.190625 0.1546875 0.1875 0.15 0.1828125 0.146875 0.171875 0.1484375 0.1625 0.1546875 0.153125 0.1828125 0.1390625