4 0.25234375 0.40546875 0.1203125 0.06484375
4 0.2453125 0.5171875 0.11640625 0.0609375
2 0.63671875 0.284375 0.11796875 0.06171875
5 0.63359375 0.4140625 0.1171875 0.06796875
3 0.44765625 0.52109375 0.10703125 0.0609375
3 0.44375 0.415625 0.109375 0.0609375
5 0.6046875 0.63046875 0.1125 0.0765625
5 0.61875 0.52109375 0.1234375 0.08046875
0 0.43515625 0.278125 0.1015625 0.0640625
9 0.434375 0.51640625 0.61953125 0.3359375
12 0.11796875 0.25390625 0.1203125 0.06875
7 0.33359375 0.259375 0.11328125 0.07109375
8 0.778125 0.28671875 0.1265625 0.06796875
6 0.53671875 0.28046875 0.09765625 0.06015625
1 0.228125 0.25 0.10625 0.059375
11 0.23203125 0.62578125 0.115625 0.0640625
10 0.434375 0.63203125 0.1046875 0.06171875