9 0.4296875 0.4546875 0.3609375 0.6421875
3 0.41953125 0.234375 0.0625 0.12109375
4 0.54140625 0.64921875 0.07109375 0.1265625
4 0.534375 0.23828125 0.06328125 0.115625
3 0.42421875 0.6421875 0.06640625 0.12265625
3 0.41796875 0.44453125 0.0671875 0.11796875
4 0.53828125 0.4328125 0.06875 0.115625
0 0.39453125 0.94765625 0.0640625 0.10390625
2 0.30625 0.65234375 0.08125 0.13515625
12 0.3125 0.2453125 0.07734375 0.14453125
11 0.54375 0.95625 0.07109375 0.0875
8 0.31015625 0.4484375 0.07734375 0.13359375
7 0.46015625 0.92734375 0.084375 0.1453125