3 0.4484375 0.675 0.103125 0.0703125
5 0.58359375 0.565625 0.1109375 0.084375
4 0.29609375 0.70703125 0.10625 0.071875
3 0.4484375 0.58984375 0.0953125 0.065625
5 0.596875 0.6515625 0.1015625 0.075
4 0.2859375 0.61640625 0.0984375 0.0640625
5 0.56640625 0.47890625 0.1015625 0.078125
9 0.43125 0.59609375 0.5296875 0.3578125
10 0.4328125 0.5015625 0.09375 0.0671875
0 0.44609375 0.7796875 0.0828125 0.0484375
11 0.27265625 0.534375 0.1 0.0671875
2 0.60078125 0.74921875 0.0703125 0.046875
8 0.7046875 0.72890625 0.078125 0.046875
6 0.52578125 0.76484375 0.084375 0.0484375
12 0.20703125 0.82890625 0.08125 0.0421875
7 0.36328125 0.79921875 0.0859375 0.040625
1 0.2859375 0.81875 0.0765625 0.0328125