4 0.57265625 0.503125 0.0671875 0.1015625
4 0.52890625 0.828125 0.065625 0.1015625
4 0.55078125 0.671875 0.0640625 0.096875
5 0.39609375 0.47734375 0.06875 0.1125
2 0.3453125 0.19296875 0.071875 0.109375
5 0.3765625 0.63515625 0.0734375 0.13125
5 0.35546875 0.80546875 0.0671875 0.125
7 0.43046875 0.17265625 0.075 0.1171875
9 0.4625 0.6578125 0.35625 0.5515625
1 0.58203125 0.17578125 0.0734375 0.11875
11 0.6046875 0.259375 0.071875 0.11875
12 0.253125 0.69296875 0.071875 0.1171875
0 0.48125 0.49609375 0.0625 0.1015625
6 0.4546875 0.65 0.0609375 0.0953125
8 0.29140625 0.4171875 0.0671875 0.1015625
10 0.434375 0.82734375 0.0640625 0.1078125