0 0.4953125 0.24609375 0.09375 0.05234375
4 0.3546875 0.4 0.10859375 0.0609375
2 0.7125 0.38515625 0.11484375 0.0640625
3 0.534375 0.396875 0.1046875 0.05859375
1 0.29921875 0.2515625 0.096875 0.06328125
12 0.728125 0.590625 0.11171875 0.07109375
10 0.56875 0.596875 0.10703125 0.0609375
8 0.71953125 0.4890625 0.1109375 0.06640625
11 0.384375 0.60078125 0.1046875 0.06328125
6 0.5609375 0.4953125 0.09765625 0.05546875
7 0.36953125 0.5046875 0.10546875 0.059375
9 0.23668958281250002 0.3408142515625 0.23160833281249998 0.335797896875 0.28685208281249996 0.6605151874999999 0.8431 0.6306074765624999 0.805 0.324047896875 0.23668958281250002 0.3408142515625