4 0.56640625 0.303125 0.07421875 0.1234375
3 0.43515625 0.090625 0.0671875 0.11796875
4 0.56484375 0.08203125 0.06953125 0.11328125
3 0.4421875 0.2953125 0.07109375 0.12109375
11 0.5671875 0.64375 0.07890625 0.146875
1 0.52109375 0.75703125 0.08671875 0.15546875
0 0.40703125 0.625 0.065625 0.11484375
2 0.31328125 0.3015625 0.07890625 0.140625
7 0.4765625 0.60390625 0.0828125 0.1546875
10 0.425 0.7578125 0.06875 0.12890625
6 0.359375 0.73984375 0.06796875 0.12265625
8 0.3203125 0.08671875 0.0765625 0.15625
9 0.434375 0 0.4375 0 0.4390625 0.003125 0.4421875 0 0.44375 0.003125 0.4484375 0.0046875 0.4640625 0.00625 0.4671875 0.0046875 0.4703125 0.009375 0.48125 0.009375 0.4859375 0.003125 0.5046875 0.0046875 0.5078125 0.009375 0.5140625 0.0046875 0.53125 0.0046875 0.528125 0.00625 0.528125 0.009375 0.5328125 0.0125 0.534375 0.0046875 0.546875 0.00625 0.5484375 0.003125 0.553125 0.0046875 0.5640625 0.003125 0.5734375 0.00625 0.6125 0.0046875 0.609375 0.00625 0.6125 0.0109375 0.61875 0.009375 0.6234375 0.0046875 0.65 0.00625 0.6546875 0.003125 0.665625 0.003125 0.6734375 0.00625 0.675 0.0796875 0.6765625 0.08125 0.6765625 0.221875 0.6796875 0.246875 0.6796875 0.315625 0.68125 0.3171875 0.6796875 0.31875 0.68125 0.3296875 0.68125 0.3609375 0.6796875 0.3640625 0.6828125 0.3796875 0.68125 0.38125 0.6828125 0.4515625 0.68125 0.453125 0.684375 0.465625 0.6828125 0.4734375 0.684375 0.475 0.684375 0.5078125 0.6828125 0.509375 0.684375 0.5109375 0.684375 0.5265625 0.68125 0.534375 0.59375 0.5328125 0.5921875 0.5296875 0.584375 0.5296875 0.5828125 0.5328125 0.5765625 0.5328125 0.575 0.5296875 0.4953125 0.528125 0.4890625 0.5265625 0.484375 0.5203125 0.465625 0.528125 0.315625 0.5296875 0.3140625 0.5328125 0.3109375 0.5328125 0.309375 0.5296875 0.2625 0.5296875 0.2609375 0.5328125 0.2515625 0.5328125 0.25 0.5296875 0.2296875 0.5296875 0.2125 0.5265625 0.209375 0.5203125 0.2109375 0.5 0.221875 0.4984375 0.221875 0.484375 0.21875 0.4828125 0.221875 0.4703125 0.2203125 0.4671875 0.221875 0.465625 0.2203125 0.453125 0.221875 0.446875 0.2171875 0.4421875 0.215625 0.4453125 0.2125 0.4453125 0.2125 0.409375 0.2140625 0.4078125 0.2125 0.4015625 0.2140625 0.3921875 0.2125 0.390625 0.2140625 0.3890625 0.2140625 0.34375 0.215625 0.3421875 0.2140625 0.328125 0.2171875 0.296875 0.2171875 0.265625 0.221875 0.2578125 0.221875 0.25 0.21875 0.246875 0.2203125 0.2453125 0.21875 0.234375 0.221875 0.2203125 0.221875 0.1 0.2203125 0.0984375 0.221875 0.084375 0.2203125 0.078125 0.221875 0.0765625 0.221875 0.009375 0.2234375 0.0046875 0.2265625 0.003125 0.24375 0.00625 0.2640625 0.0046875 0.265625 0.0125 0.2703125 0.0109375 0.296875 0.0125 0.30625 0.0265625 0.3109375 0.028125 0.309375 0.034375 0.303125 0.0328125 0.296875 0.0359375 0.296875 0.0421875 0.29375 0.046875 0.290625 0.046875 0.2921875 0.04375 0.2859375 0.040625 0.284375 0.046875 0.278125 0.05 0.2828125 0.0546875 0.2765625 0.0671875 0.2796875 0.0734375 0.278125 0.078125 0.2875 0.0875 0.2859375 0.103125 0.2921875 0.1109375 0.2921875 0.1140625 0.2953125 0.115625 0.29375 0.1203125 0.296875 0.1265625 0.3046875 0.13125 0.309375 0.1375 0.3125 0.1375 0.3140625 0.1421875 0.31875 0.140625 0.3171875 0.1453125 0.321875 0.1484375 0.3234375 0.153125 0.3265625 0.153125 0.3296875 0.159375 0.3359375 0.15625 0.3359375 0.159375 0.3421875 0.165625 0.340625 0.1703125 0.34375 0.1734375 0.3484375 0.171875 0.359375 0.1734375 0.3625 0.165625 0.365625 0.16875 0.3671875 0.1671875 0.3671875 0.159375 0.3703125 0.1546875 0.36875 0.15 0.3734375 0.153125 0.3765625 0.146875 0.3734375 0.134375 0.3703125 0.1390625 0.3609375 0.1390625 0.3625 0.1328125 0.3609375 0.115625 0.36875 0.1078125 0.3671875 0.103125 0.36875 0.0984375 0.3625 0.0953125 0.3640625 0.0921875 0.3625 0.0796875 0.365625 0.078125 0.3640625 0.0734375 0.3671875 0.0703125 0.3703125 0.059375 0.36875 0.0546875 0.3703125 0.04375 0.3625 0.0390625 0.36875 0.0359375 0.3703125 0.0296875 0.3671875 0.0265625 0.36875 0.0234375 0.3671875 0.01875 0.365625 0.0171875 0.3625 0.0203125 0.3625 0.0171875 0.365625 0.015625 0.371875 0.0171875 0.375 0.0109375 0.3796875 0.0125 0.38125 0.0109375 0.3796875 0.00625 0.375 0.0046875 0.3796875 0.0046875 0.3875 0.00625 0.390625 0.0125 0.4046875 0.0109375 0.409375 0.015625 0.40625 0.0203125 0.4125 0.021875 0.4140625 0.015625 0.4234375 0.009375 0.425 0.0046875 0.428125 0.00625 0.434375 0.0015625