2 0.215625 0.4703125 0.1125 0.06171875
3 0.51953125 0.5859375 0.1140625 0.06171875
1 0.21484375 0.70625 0.11328125 0.06484375
3 0.6953125 0.58515625 0.10390625 0.05703125
5 0.696875 0.49453125 0.1390625 0.0671875
5 0.51875 0.4859375 0.1234375 0.06171875
0 0.2171875 0.5890625 0.10546875 0.05546875
9 0.6796875 0.5921875 0.58203125 0.33671875
12 0.8875 0.50234375 0.1375 0.06328125
8 0.26015625 0.39609375 0.109375 0.06328125
4 0.496875 0.6921875 0.10859375 0.0640625
11 0.8796875 0.70390625 0.109375 0.0625
7 0.7 0.7 0.1171875 0.06328125
6 0.2421875 0.528125 0.09921875 0.05390625
10 0.8828125 0.59453125 0.11171875 0.059375