3 0.684375 0.59375 0.121875 0.0859375
4 0.65703125 0.6890625 0.121875 0.0875
9 0.525 0.55234375 0.6234375 0.45
5 0.72578125 0.50703125 0.128125 0.0859375
1 0.890625 0.78359375 0.109375 0.0796875
12 0.38515625 0.40546875 0.1296875 0.0875
11 0.3078125 0.57890625 0.090625 0.0703125
7 0.521875 0.53671875 0.10625 0.0765625
7 0.47890625 0.6328125 0.1125 0.0828125
10 0.3515625 0.4859375 0.1109375 0.0796875
0 0.92734375 0.68203125 0.0890625 0.0703125
8 0.55546875 0.45625 0.134375 0.0890625
2 0.96953125 0.5796875 0.0609375 0.0625