9 0.58515625 0.553125 0.4359375 0.64375
4 0.4421875 0.38671875 0.084375 0.1234375
4 0.65078125 0.34375 0.08125 0.1140625
4 0.5515625 0.3625 0.0765625 0.115625
5 0.72890625 0.69765625 0.0953125 0.121875
5 0.51640625 0.75546875 0.0921875 0.1265625
2 0.36953125 0.95234375 0.0921875 0.0953125
5 0.62109375 0.725 0.1046875 0.1375
1 0.246875 0.50234375 0.0984375 0.1453125
0 0.484375 0.5703125 0.0828125 0.1140625
12 0.70859375 0.9265625 0.0828125 0.09375
11 0.28125 0.42734375 0.096875 0.1375
7 0.315625 0.80546875 0.1 0.140625
10 0.69921875 0.53046875 0.0875 0.1203125
6 0.58984375 0.55859375 0.078125 0.1140625
8 0.528125 0.9625 0.075 0.075