3 0.38125 0.525 0.0953125 0.0640625
3 0.5203125 0.49609375 0.090625 0.0609375
4 0.534375 0.58125 0.0875 0.0625
9 0.51484375 0.50078125 0.49375 0.3390625
4 0.384375 0.6078125 0.0953125 0.065625
2 0.18671875 0.48125 0.090625 0.0671875
5 0.653125 0.4 0.1109375 0.0671875
5 0.5078125 0.42421875 0.115625 0.071875
5 0.36171875 0.4484375 0.1046875 0.0671875
12 0.1890625 0.7046875 0.10625 0.06875
0 0.196875 0.56640625 0.090625 0.0578125
1 0.1671875 0.66015625 0.09375 0.0609375
10 0.6703125 0.4703125 0.1 0.065625
8 0.1796875 0.4234375 0.0953125 0.06875
11 0.678125 0.55546875 0.090625 0.0625
6 0.18984375 0.5234375 0.0875 0.059375
7 0.18046875 0.61328125 0.0984375 0.0640625