2 0.321875 0.728125 0.11171875 0.06484375
1 0.72265625 0.69921875 0.1 0.0609375
0 0.5234375 0.70859375 0.09375 0.059375
4 0.67109375 0.55 0.11328125 0.06015625
12 0.30625 0.35546875 0.1078125 0.07265625
11 0.64765625 0.34765625 0.0984375 0.0625
8 0.31328125 0.4578125 0.11171875 0.06640625
3 0.490625 0.54921875 0.10546875 0.059375
5 0.3203125 0.5578125 0.11015625 0.06640625
7 0.65859375 0.44140625 0.1 0.05859375
10 0.46484375 0.3515625 0.09765625 0.05859375
6 0.465625 0.45078125 0.0921875 0.053125
9 0.21092499999999997 0.6231086453125 0.78664375 0.604456775 0.7418645828125 0.293116821875 0.2045270828125 0.31894275625 0.21092499999999997 0.6231086453125