3 0.83046875 0.4453125 0.12578125 0.0640625
5 0.61484375 0.34765625 0.15625 0.07421875
5 0.81640625 0.34609375 0.14296875 0.06875
4 0.6375 0.5671875 0.11328125 0.0671875
3 0.4265625 0.4578125 0.12265625 0.06640625
4 0.4265625 0.5734375 0.12109375 0.06953125
5 0.409375 0.34609375 0.1390625 0.06953125
3 0.62421875 0.44765625 0.115625 0.06484375
9 0.61484375 0.4625 0.6546875 0.3625
2 0.14765625 0.3578125 0.1171875 0.07265625
0 0.15625 0.478125 0.11953125 0.06015625
1 0.1140625 0.60390625 0.13046875 0.06640625
12 0.134375 0.665625 0.14296875 0.07265625
7 0.12890625 0.540625 0.12734375 0.065625
8 0.14375 0.275 0.11953125 0.08203125
11 0.840625 0.5609375 0.13203125 0.065625
10 0.05703125 0.4328125 0.1140625 0.06875
6 0.15625 0.4171875 0.11328125 0.0609375