3 0.39921875 0.5359375 0.125 0.078125
4 0.20078125 0.565625 0.1296875 0.0796875
0 0.40390625 0.70703125 0.1109375 0.075
2 0.6234375 0.6953125 0.1234375 0.0859375
9 0.3765625 0.43359375 0.65 0.403125
4 0.5875 0.5203125 0.11875 0.0796875
1 0.1828125 0.72890625 0.1265625 0.0828125
11 0.16328125 0.33828125 0.128125 0.08125
12 0.553125 0.296875 0.1234375 0.0890625
8 0.5734375 0.4109375 0.125 0.084375
10 0.3765625 0.315625 0.121875 0.078125
7 0.18125 0.44765625 0.1234375 0.075
6 0.39921875 0.428125 0.115625 0.071875