0 0.60625 0.6265625 0.1109375 0.078125
1 0.39609375 0.6578125 0.1125 0.078125
11 0.38359375 0.26796875 0.1078125 0.075
4 0.41015625 0.48984375 0.1234375 0.0828125
2 0.79453125 0.41875 0.1328125 0.0953125
12 0.7484375 0.20625 0.13125 0.0984375
3 0.60078125 0.45078125 0.11875 0.08125
7 0.39609375 0.3734375 0.115625 0.0828125
6 0.60078125 0.33984375 0.115625 0.0796875
8 0.7703125 0.3140625 0.134375 0.096875
10 0.57890625 0.23515625 0.115625 0.0828125
9 0.305213709375 0.57174923125 0.9090654453125 0.46453570937500005 0.842818578125 0.1470796265625 0.278004921875 0.25959953593749996 0.305213709375 0.57174923125