0 0.584375 0.3328125 0.10625 0.078125
1 0.39609375 0.2859375 0.1140625 0.0859375
12 0.65234375 0.71171875 0.1234375 0.0953125
2 0.72265625 0.5265625 0.1265625 0.0890625
11 0.32890625 0.62578125 0.1078125 0.08125
7 0.35703125 0.5359375 0.1109375 0.0796875
2 0.38671875 0.43671875 0.11875 0.08125
3 0.55390625 0.48671875 0.1125 0.0796875
10 0.50390625 0.6734375 0.1078125 0.078125
8 0.6875 0.6171875 0.125 0.0890625
6 0.53984375 0.58203125 0.1046875 0.075
9 0.8431937421875 0.5090531765625 0.2975393140625 0.354950040625 0.20087974062499997 0.6446563015625 0.7341892046875 0.7770028234375 0.734651859375 0.7796080234375 0.8431937421875 0.5090531765625