3 0.56015625 0.37890625 0.1140625 0.0734375
4 0.73515625 0.3546875 0.1171875 0.0734375
5 0.39140625 0.3921875 0.1125 0.078125
9 0.57421875 0.47109375 0.6046875 0.3921875
12 0.4015625 0.590625 0.1109375 0.0796875
0 0.57578125 0.22890625 0.09375 0.05625
1 0.76953125 0.20703125 0.103125 0.0671875
7 0.73515625 0.46015625 0.1125 0.071875
2 0.384375 0.2484375 0.096875 0.0421875
10 0.55546875 0.57578125 0.10625 0.0703125
11 0.73515625 0.55546875 0.1140625 0.075
8 0.3953125 0.49140625 0.1125 0.0765625
6 0.546875 0.4765625 0.103125 0.065625