4 0.5390625 0.4875 0.1125 0.0625
3 0.16640625 0.596875 0.1078125 0.05546875
3 0.5359375 0.59296875 0.11171875 0.05859375
3 0.35625 0.5984375 0.10390625 0.05703125
4 0.34296875 0.48984375 0.1015625 0.059375
9 0.35859375 0.5875 0.58984375 0.3296875
5 0.178125 0.68828125 0.125 0.05859375
5 0.5515625 0.69375 0.12265625 0.06015625
12 0.81328125 0.40390625 0.12578125 0.06328125
5 0.36328125 0.68984375 0.1328125 0.06484375
1 0.8328125 0.46640625 0.1125 0.06015625
0 0.7890625 0.58125 0.10703125 0.0578125
2 0.79140625 0.69140625 0.10234375 0.06640625
7 0.81484375 0.52265625 0.11328125 0.06484375
10 0.884375 0.6203125 0.1140625 0.06484375
8 0.79453125 0.7640625 0.1109375 0.0765625
6 0.7875 0.63671875 0.1046875 0.05703125
11 0.15234375 0.4953125 0.11796875 0.05625