3 0.4890625 0.54609375 0.1046875 0.0703125
9 0.48046875 0.55390625 0.5453125 0.3828125
2 0.08984375 0.3703125 0.1125 0.075
3 0.33515625 0.51953125 0.1078125 0.071875
0 0.0796875 0.47421875 0.10625 0.06875
4 0.30625 0.60703125 0.109375 0.075
1 0.06640625 0.57421875 0.1125 0.0734375
12 0.665625 0.5015625 0.115625 0.075
5 0.50546875 0.46796875 0.13125 0.08125
11 0.62890625 0.675 0.103125 0.0703125
5 0.346875 0.4296875 0.115625 0.0765625
8 0.134375 0.3140625 0.1171875 0.08125
10 0.6515625 0.5828125 0.103125 0.06875
6 0.10859375 0.4265625 0.0984375 0.065625
7 0.47421875 0.64140625 0.103125 0.071875