5 0.70390625 0.41171875 0.13203125 0.0671875
5 0.51328125 0.42109375 0.14453125 0.06875
5 0.32265625 0.43203125 0.134375 0.0640625
9 0.53125 0.521875 0.6078125 0.34765625
0 0.70859375 0.51484375 0.1171875 0.0609375
6 0.51875 0.515625 0.115625 0.0625
1 0.72890625 0.621875 0.11953125 0.065625
12 0.41484375 0.29296875 0.11640625 0.06640625
10 0.3234375 0.52734375 0.10859375 0.0578125
2 0.978125 0.30234375 0.03984375 0.040625
8 0.740625 0.27109375 0.115625 0.06953125
11 0.34140625 0.6375 0.10625 0.059375
7 0.52734375 0.6296875 0.10859375 0.0640625