2 0.08984375 0.35625 0.1234375 0.0671875
3 0.41875 0.478125 0.1125 0.0625
5 0.59140625 0.3875 0.134375 0.06875
5 0.4109375 0.3765625 0.125 0.0671875
9 0.5796875 0.48828125 0.5703125 0.3453125
12 0.77578125 0.39453125 0.1359375 0.065625
8 0.1359375 0.28359375 0.115625 0.0734375
0 0.11328125 0.48046875 0.10625 0.05625
4 0.40859375 0.5828125 0.109375 0.0640625
11 0.775 0.58828125 0.1140625 0.059375
7 0.60625 0.58671875 0.115625 0.0625
1 0.12421875 0.59921875 0.1125 0.0625
6 0.60234375 0.47578125 0.1078125 0.0609375
10 0.775 0.48359375 0.10625 0.059375