3 0.584375 0.4859375 0.1234375 0.06484375
4 0.59609375 0.3734375 0.11796875 0.06640625
2 0.92109375 0.5984375 0.13125 0.065625
9 0.403125 0.47890625 0.61328125 0.3390625
0 0.89453125 0.475 0.11875 0.0578125
1 0.88984375 0.353125 0.12734375 0.0640625
10 0.190625 0.48828125 0.121875 0.06484375
12 0.1921875 0.5875 0.1390625 0.06796875
5 0.59140625 0.590625 0.13046875 0.0640625
11 0.19375 0.3734375 0.125 0.0609375
7 0.3859375 0.37421875 0.11640625 0.06328125
6 0.38984375 0.49296875 0.1078125 0.059375
8 0.3921875 0.5890625 0.134375 0.06953125