3 0.51640625 0.36875 0.1125 0.0765625
5 0.68125 0.39453125 0.11875 0.084375
5 0.65859375 0.4890625 0.1234375 0.0953125
4 0.34609375 0.33046875 0.1140625 0.078125
9 0.49375 0.45859375 0.590625 0.3984375
6 0.51328125 0.4640625 0.109375 0.0734375
10 0.490625 0.559375 0.10625 0.0734375
12 0.63828125 0.584375 0.1140625 0.084375
1 0.32890625 0.19375 0.0984375 0.0453125
0 0.5203125 0.228125 0.084375 0.0359375
11 0.31953125 0.525 0.1078125 0.075
7 0.3328125 0.43359375 0.1078125 0.0734375
8 0.82578125 0.29375 0.0890625 0.04375