2 0.08671875 0.37421875 0.12265625 0.06328125
5 0.41015625 0.38359375 0.12421875 0.06171875
5 0.58671875 0.3875 0.13515625 0.0640625
1 0.128125 0.615625 0.11484375 0.059375
3 0.41796875 0.484375 0.1078125 0.05859375
4 0.41171875 0.58984375 0.1078125 0.06015625
9 0.5796875 0.4890625 0.5625 0.32578125
12 0.77734375 0.3890625 0.13203125 0.0625
8 0.13125 0.29921875 0.11328125 0.06796875
11 0.77734375 0.58359375 0.11796875 0.05625
0 0.1125 0.496875 0.10546875 0.05390625
0 0.7765625 0.47890625 0.10859375 0.0578125
7 0.60859375 0.5875 0.1109375 0.05625
6 0.60234375 0.4765625 0.10546875 0.05703125