4 0.26015625 0.3671875 0.1203125 0.078125
3 0.4546875 0.45234375 0.1109375 0.0703125
4 0.26953125 0.47421875 0.109375 0.0671875
5 0.6046875 0.33359375 0.10625 0.0765625
3 0.4375 0.3546875 0.1125 0.075
5 0.60625 0.434375 0.11875 0.0875
5 0.60859375 0.53359375 0.10625 0.0796875
9 0.4390625 0.44609375 0.590625 0.3765625
11 0.27578125 0.56953125 0.10625 0.0703125
0 0.409375 0.2421875 0.0890625 0.0390625
10 0.4578125 0.55546875 0.10625 0.06875
6 0.50390625 0.23125 0.0921875 0.040625
8 0.715625 0.21015625 0.09375 0.046875
2 0.59140625 0.225 0.0734375 0.0421875