9 0.5265625 0.52265625 0.5515625 0.31875
3 0.3609375 0.525 0.1046875 0.0578125
4 0.3625 0.62265625 0.1046875 0.059375
0 0.08828125 0.546875 0.10625 0.053125
2 0.0578125 0.44140625 0.115625 0.0609375
1 0.10546875 0.653125 0.1125 0.05625
5 0.3421875 0.4328125 0.11875 0.059375
12 0.6921875 0.41796875 0.1234375 0.0609375
10 0.703125 0.50390625 0.1046875 0.0578125
11 0.7140625 0.60390625 0.10625 0.0578125
7 0.5453125 0.6125 0.103125 0.059375
6 0.53046875 0.509375 0.09375 0.053125
8 0.51953125 0.4265625 0.1203125 0.0609375