9 0.47109375 0.44921875 0.4109375 0.68125
5 0.334375 0.26015625 0.0921875 0.1328125
4 0.6 0.64921875 0.078125 0.1296875
5 0.571875 0.234375 0.0875 0.1359375
5 0.4546875 0.246875 0.1 0.140625
4 0.47421875 0.65078125 0.075 0.128125
4 0.36328125 0.65546875 0.0765625 0.1203125
0 0.5828125 0.4375 0.084375 0.1296875
6 0.46328125 0.43046875 0.0734375 0.1203125
10 0.33984375 0.44296875 0.0796875 0.121875
11 0.77265625 0.64453125 0.05 0.125
12 0.390625 0.034375 0.0765625 0.0609375
2 0.73984375 0.05078125 0.028125 0.0671875