5 0.30390625 0.3640625 0.2140625 0.1234375
5 0.56171875 0.396875 0.1796875 0.1109375
5 0.07421875 0.33359375 0.11875 0.1078125
9 0.3703125 0.5203125 0.740625 0.5875
2 0.95 0.30859375 0.1 0.1171875
8 0.64375 0.2265625 0.1640625 0.1140625
12 0.203125 0.16796875 0.1828125 0.121875
1 0.54453125 0.684375 0.1640625 0.1125
7 0.26875 0.65390625 0.1703125 0.11875
11 0.04140625 0.62578125 0.0828125 0.0984375
10 0.05 0.46875 0.1 0.1
0 0.54375 0.534375 0.196875 0.1171875
6 0.2875 0.49453125 0.171875 0.1109375