3 0.3734375 0.48984375 0.0984375 0.0609375
5 0.22265625 0.46875 0.1 0.06875
0 0.40625 0.35625 0.090625 0.059375
2 0.23046875 0.325 0.0984375 0.065625
9 0.36640625 0.57421875 0.5234375 0.3203125
5 0.2171875 0.5578125 0.109375 0.0796875
4 0.5296875 0.50390625 0.0953125 0.059375
1 0.575 0.38046875 0.0921875 0.0609375
12 0.20546875 0.65078125 0.1109375 0.078125
7 0.51796875 0.59609375 0.0921875 0.059375
10 0.34921875 0.665625 0.096875 0.0640625
8 0.11796875 0.3328125 0.1125 0.0671875
11 0.51171875 0.68125 0.0921875 0.0640625
3 0.35390625 0.57578125 0.0890625 0.0578125