3 0.315625 0.49296875 0.134375 0.078125
3 0.5171875 0.46796875 0.13125 0.078125
5 0.49765625 0.36640625 0.165625 0.0875
4 0.53984375 0.58984375 0.1234375 0.0765625
4 0.32421875 0.6125 0.13125 0.0796875
5 0.2890625 0.3828125 0.1453125 0.0796875
9 0.509375 0.48125 0.690625 0.4203125
10 0.73125 0.446875 0.134375 0.078125
12 0.71015625 0.34140625 0.15625 0.0859375
11 0.7453125 0.56953125 0.140625 0.0765625
1 0.05078125 0.66953125 0.0828125 0.071875
8 0.0234375 0.33203125 0.046875 0.0609375
0 0.0296875 0.5390625 0.059375 0.0625
6 0.03046875 0.47109375 0.0609375 0.0640625