2 0.290625 0.68203125 0.13203125 0.06796875
4 0.715625 0.54609375 0.1359375 0.0734375
5 0.3140625 0.415625 0.13515625 0.08984375
5 0.3296875 0.2890625 0.13046875 0.0875
12 0.85625 0.71953125 0.13046875 0.08515625
3 0.5046875 0.415625 0.12578125 0.06875
5 0.296875 0.534375 0.128125 0.07734375
4 0.72890625 0.4203125 0.12890625 0.06796875
3 0.50390625 0.5328125 0.1234375 0.0703125
7 0.621875 0.71015625 0.125 0.078125
9 0.51484375 0.41953125 0.7078125 0.38046875
1 0.73515625 0.7265625 0.1140625 0.07421875
0 0.509375 0.68828125 0.10703125 0.06796875
11 0.746875 0.3 0.128125 0.075
8 0.13359375 0.67890625 0.14140625 0.0703125
6 0.396875 0.6859375 0.10703125 0.06328125
10 0.51953125 0.28984375 0.11796875 0.07265625