5 0.4796875 0.60390625 0.103125 0.0796875
2 0.38671875 0.334375 0.103125 0.0703125
5 0.4484375 0.5203125 0.1125 0.0859375
3 0.58359375 0.48671875 0.0953125 0.0671875
3 0.56484375 0.40390625 0.096875 0.06875
4 0.71484375 0.35859375 0.1078125 0.0734375
4 0.74296875 0.4453125 0.1015625 0.06875
9 0.59609375 0.48125 0.5546875 0.38125
5 0.4171875 0.43671875 0.103125 0.0765625
12 0.78671875 0.2140625 0.1078125 0.08125
7 0.62109375 0.25859375 0.1046875 0.0765625
1 0.69765625 0.22890625 0.096875 0.071875
0 0.54296875 0.29375 0.090625 0.06875
8 0.2765625 0.3625 0.1078125 0.071875
11 0.77421875 0.52578125 0.10625 0.0734375
10 0.615625 0.571875 0.1046875 0.075
6 0.46328125 0.3140625 0.0875 0.0640625