3 0.36328125 0.5890625 0.11328125 0.0625
3 0.3625 0.48671875 0.11171875 0.06171875
4 0.16171875 0.5875 0.11875 0.06328125
4 0.17421875 0.47578125 0.121875 0.06640625
9 0.33984375 0.5875 0.6125 0.33359375
5 0.5328125 0.58984375 0.11953125 0.0828125
5 0.540625 0.4859375 0.1046875 0.0671875
2 0.56171875 0.32734375 0.1078125 0.0671875
0 0.35625 0.3328125 0.09609375 0.0609375
10 0.35078125 0.70078125 0.1171875 0.06875
1 0.15078125 0.3296875 0.11796875 0.06953125
8 0.68984375 0.3484375 0.1125 0.06484375
12 0.52421875 0.7015625 0.11171875 0.075
11 0.13984375 0.6953125 0.109375 0.06328125
6 0.4609375 0.34296875 0.09453125 0.05703125
7 0.26640625 0.29375 0.1078125 0.0640625