2 0.38828125 0.31953125 0.12265625 0.06796875
0 0.1046875 0.4359375 0.11328125 0.05703125
3 0.40234375 0.42734375 0.1109375 0.06015625
9 0.57421875 0.42890625 0.578125 0.32578125
4 0.3953125 0.53203125 0.11015625 0.0609375
12 0.771875 0.32890625 0.13125 0.065625
1 0.11640625 0.55234375 0.11875 0.059375
11 0.7703125 0.53125 0.11796875 0.0578125
8 0.58046875 0.32578125 0.12421875 0.06640625
10 0.77421875 0.4234375 0.1109375 0.06015625
7 0.59296875 0.5328125 0.10859375 0.0578125
6 0.58671875 0.4203125 0.1 0.05703125