4 0.6328125 0.43671875 0.0515625 0.096875
4 0.6625 0.75234375 0.05703125 0.1015625
5 0.46640625 0.46875 0.053125 0.1140625
5 0.47734375 0.628125 0.0578125 0.11953125
4 0.64765625 0.58515625 0.05546875 0.09375
5 0.48671875 0.78515625 0.05234375 0.10859375
1 0.57109375 0.7671875 0.05 0.09296875
6 0.553125 0.61015625 0.04765625 0.0890625
12 0.36640625 0.58984375 0.05546875 0.1046875
10 0.54375 0.44609375 0.05 0.09609375
8 0.38203125 0.8578125 0.05546875 0.09921875
9 0.44098820781250003 0.8974354171875 0.722832546875 0.8315145828125001 0.6807547171875 0.3434291671875 0.411681603125 0.40584166718750003 0.44098820781250003 0.8974354171875