0 0.45859375 0.6828125 0.09453125 0.05703125
1 0.65234375 0.6828125 0.10234375 0.0625
12 0.30078125 0.33125 0.109375 0.07109375
2 0.27734375 0.528125 0.11484375 0.06328125
11 0.6359375 0.33671875 0.09609375 0.06015625
7 0.6296875 0.43046875 0.1 0.0578125
2 0.625 0.534375 0.10859375 0.05703125
3 0.45078125 0.52578125 0.1015625 0.05625
10 0.4546875 0.3328125 0.096875 0.05703125
8 0.28984375 0.43125 0.11328125 0.0640625
6 0.44140625 0.43046875 0.09375 0.05390625
9 0.2057541671875 0.287880840625 0.204675 0.28546495312500003 0.1648104171875 0.5742418218750001 0.7315375000000001 0.5917616828125001 0.7552395828125 0.28727686874999997 0.2057541671875 0.287880840625