9 0.3359375 0.6765625 0.475 0.6453125
3 0.3734375 0.52734375 0.0890625 0.125
3 0.31875 0.7015625 0.0859375 0.1203125
5 0.27734375 0.484375 0.0921875 0.134375
5 0.22734375 0.6671875 0.1015625 0.15
3 0.26796875 0.8890625 0.084375 0.1234375
5 0.178125 0.8515625 0.0921875 0.140625
0 0.44140625 0.14765625 0.0875 0.121875
2 0.26328125 0.12109375 0.10625 0.1359375
12 0.084375 0.6953125 0.1015625 0.140625
6 0.53671875 0.21171875 0.08125 0.115625
1 0.4765625 0.56796875 0.0890625 0.1265625
10 0.3453125 0.12265625 0.0875 0.1234375
8 0.165625 0.3796875 0.096875 0.1265625
11 0.36953125 0.9234375 0.0859375 0.1265625
7 0.421875 0.75625 0.0875 0.13125