3 0.503125 0.30703125 0.0953125 0.134375
4 0.39375 0.34453125 0.096875 0.134375
4 0.34375 0.13984375 0.0921875 0.125
3 0.46171875 0.11328125 0.0890625 0.1265625
0 0.60859375 0.59140625 0.084375 0.11875
9 0.48125 0.23828125 0.46875 0.4765625
1 0.53671875 0.73984375 0.109375 0.15625
2 0.61875 0.275 0.1078125 0.1515625
10 0.62265625 0.71484375 0.0875 0.128125
11 0.47109375 0.65390625 0.10625 0.1515625
6 0.67734375 0.68203125 0.084375 0.121875
7 0.5421875 0.59375 0.10625 0.15
8 0.5671875 0.0765625 0.103125 0.153125