3 0.50546875 0.63203125 0.109375 0.06875
5 0.67109375 0.62109375 0.115625 0.0765625
5 0.65703125 0.525 0.11875 0.0875
4 0.33203125 0.65546875 0.109375 0.0703125
9 0.48984375 0.54140625 0.571875 0.3546875
6 0.51015625 0.53671875 0.10625 0.065625
10 0.49609375 0.43984375 0.103125 0.065625
12 0.64453125 0.428125 0.1109375 0.0765625
1 0.30234375 0.78984375 0.096875 0.0375
0 0.49609375 0.77265625 0.0828125 0.028125
11 0.321875 0.459375 0.103125 0.0671875
7 0.328125 0.5515625 0.1046875 0.065625
8 0.80625 0.734375 0.0875 0.0375