3 0.43515625 0.35703125 0.0671875 0.1203125
3 0.41796875 0.55859375 0.0671875 0.11953125
4 0.55234375 0.36875 0.07109375 0.1265625
3 0.40859375 0.775 0.0671875 0.12890625
4 0.540625 0.58359375 0.0703125 0.11796875
4 0.528125 0.7796875 0.06640625 0.12578125
9 0.42734375 0.5515625 0.38671875 0.690625
0 0.41796875 0.05703125 0.0609375 0.11328125
2 0.31484375 0.3328125 0.078125 0.134375
12 0.2984375 0.759375 0.0796875 0.14609375
7 0.48359375 0.08203125 0.08046875 0.16015625
8 0.309375 0.54609375 0.0796875 0.1421875
11 0.56484375 0.06171875 0.0734375 0.12265625