5 0.65234375 0.3875 0.17578125 0.090625
5 0.1375 0.40546875 0.17578125 0.08359375
5 0.38671875 0.39609375 0.190625 0.090625
12 0.28046875 0.22265625 0.16953125 0.0921875
9 0.4140625 0.53984375 0.78828125 0.47109375
1 0.6515625 0.69140625 0.15234375 0.08984375
11 0.12734375 0.68125 0.17578125 0.08828125
0 0.64453125 0.53359375 0.16328125 0.084375
7 0.37578125 0.68828125 0.15390625 0.0875
8 0.72109375 0.1984375 0.15390625 0.090625
6 0.38515625 0.528125 0.165625 0.08828125
10 0.1203125 0.534375 0.1515625 0.0765625