3 0.42890625 0.6140625 0.1375 0.075
4 0.19609375 0.61015625 0.140625 0.07421875
3 0.44375 0.7375 0.13125 0.0734375
2 0.66328125 0.396875 0.1359375 0.07578125
5 0.6515625 0.6046875 0.1390625 0.0828125
5 0.646875 0.73359375 0.140625 0.09296875
0 0.40078125 0.40703125 0.12109375 0.0703125
1 0.1453125 0.41875 0.14296875 0.07578125
9 0.41953125 0.65703125 0.72890625 0.2453125
8 0.82890625 0.4203125 0.14453125 0.075
6 0.53515625 0.41875 0.11640625 0.06640625
7 0.19140625 0.7453125 0.1359375 0.06640625