9 0.47109375 0.49765625 0.303125 0.54140625
4 0.56484375 0.34375 0.0578125 0.103125
5 0.378125 0.325 0.05625 0.10625
4 0.5578125 0.51796875 0.05625 0.09453125
4 0.54921875 0.67421875 0.053125 0.096875
5 0.375 0.49140625 0.06015625 0.121875
5 0.37265625 0.66015625 0.05546875 0.11484375
12 0.25859375 0.5515625 0.06015625 0.10234375
6 0.45625 0.5046875 0.05546875 0.0953125
0 0.46953125 0.3390625 0.053125 0.0953125
11 0.5734375 0.0703125 0.06171875 0.1171875
10 0.45234375 0.6796875 0.05234375 0.09921875
8 0.2625 0.26328125 0.05859375 0.09609375