3 0.55546875 0.478125 0.0609375 0.0953125
3 0.3734375 0.46484375 0.0609375 0.0921875
3 0.46875 0.46640625 0.0546875 0.0921875
2 0.70625 0.18203125 0.0640625 0.109375
5 0.371875 0.325 0.06875 0.096875
5 0.46484375 0.32578125 0.071875 0.10625
5 0.55625 0.32734375 0.0640625 0.096875
9 0.47265625 0.48125 0.3140625 0.5265625
0 0.7265625 0.43125 0.0578125 0.0875
1 0.56328125 0.6375 0.0578125 0.0953125
12 0.4234375 0.128125 0.059375 0.1046875
8 0.5765625 0.13125 0.05625 0.1015625
11 0.38046875 0.62890625 0.059375 0.090625
7 0.46953125 0.63515625 0.0546875 0.0921875
6 0.71875 0.5828125 0.0546875 0.0859375
10 0.71796875 0.29140625 0.0546875 0.090625