5 0.60546875 0.3453125 0.0671875 0.103125
5 0.503125 0.33828125 0.071875 0.1125
3 0.50703125 0.49453125 0.05859375 0.1046875
3 0.409375 0.5015625 0.06015625 0.10078125
5 0.4046875 0.33203125 0.06484375 0.1046875
9 0.49921875 0.51015625 0.3078125 0.56015625
2 0.23828125 0.15390625 0.04140625 0.1140625
1 0.40390625 0.6828125 0.05859375 0.103125
11 0.60625 0.678125 0.0625 0.09765625
8 0.3765625 0.11015625 0.05625 0.1125
12 0.5453125 0.12578125 0.059375 0.109375
0 0.22734375 0.440625 0.02265625 0.0875
10 0.60859375 0.49921875 0.05859375 0.09609375
7 0.509375 0.68359375 0.05625 0.0984375
6 0.23203125 0.61640625 0.0296875 0.08984375