3 0.4 0.5140625 0.1109375 0.0671875
3 0.22890625 0.496875 0.1203125 0.0703125
4 0.2 0.5953125 0.1140625 0.071875
9 0.3875 0.5203125 0.5828125 0.365625
5 0.590625 0.453125 0.1265625 0.06875
4 0.3890625 0.615625 0.1046875 0.06875
5 0.23515625 0.40234375 0.1265625 0.0734375
5 0.4125 0.42734375 0.1375 0.0765625
10 0.58359375 0.5359375 0.1171875 0.0703125
0 0.02734375 0.48203125 0.0546875 0.0578125
11 0.5609375 0.6359375 0.1015625 0.0640625
6 0.03125 0.43125 0.0578125 0.0578125
2 0.0390625 0.38359375 0.0640625 0.0515625