4 0.27109375 0.5078125 0.1328125 0.084375
0 0.41484375 0.70390625 0.1125 0.08125
3 0.46484375 0.53828125 0.1234375 0.08125
5 0.646875 0.5734375 0.13125 0.0921875
2 0.63203125 0.7546875 0.1234375 0.0890625
9 0.471875 0.4328125 0.6578125 0.4328125
2 0.2015625 0.6625 0.1265625 0.0890625
12 0.67578125 0.35703125 0.1296875 0.096875
7 0.290625 0.39296875 0.11875 0.0796875
11 0.309375 0.29140625 0.1203125 0.0875
10 0.50859375 0.32578125 0.121875 0.0828125
6 0.49765625 0.4328125 0.1140625 0.0765625
8 0.6640625 0.46640625 0.1296875 0.090625