4 0.24375 0.43203125 0.1265625 0.0765625
4 0.2484375 0.54375 0.121875 0.0734375
2 0.61328125 0.27109375 0.1234375 0.0734375
5 0.62421875 0.40078125 0.1234375 0.0796875
3 0.45 0.5265625 0.1125 0.071875
3 0.43515625 0.421875 0.115625 0.071875
5 0.61796875 0.61875 0.1203125 0.0875
5 0.6203125 0.50859375 0.13125 0.0921875
0 0.4125 0.2859375 0.1078125 0.075
9 0.43671875 0.5234375 0.6515625 0.3984375
12 0.09453125 0.2953125 0.1265625 0.08125
7 0.309375 0.278125 0.1203125 0.0828125
8 0.7546875 0.25859375 0.1328125 0.08125
6 0.51328125 0.278125 0.103125 0.0703125
1 0.203125 0.2796875 0.1125 0.0703125
11 0.246875 0.653125 0.121875 0.0765625
10 0.4484375 0.63828125 0.1109375 0.071875