9 0.425 0.534375 0.4953125 0.71875
4 0.26796875 0.709375 0.0890625 0.1234375
4 0.48984375 0.7546875 0.09375 0.134375
4 0.3734375 0.73359375 0.0859375 0.1265625
2 0.8171875 0.18359375 0.1046875 0.1546875
5 0.57421875 0.3578125 0.1015625 0.134375
5 0.3453125 0.33359375 0.103125 0.134375
5 0.4609375 0.3453125 0.1140625 0.146875
7 0.7890625 0.37578125 0.090625 0.1515625
12 0.46484375 0.0921875 0.1015625 0.140625
11 0.66796875 0.78515625 0.1125 0.1625
0 0.5265625 0.5515625 0.09375 0.13125
10 0.30390625 0.50546875 0.096875 0.134375
8 0.66015625 0.11015625 0.0953125 0.140625
6 0.4171875 0.51875 0.0984375 0.14375