3 0.83125 0.4859375 0.1390625 0.0921875
4 0.41015625 0.45 0.140625 0.1
4 0.61953125 0.40859375 0.1328125 0.0953125
3 0.43046875 0.5640625 0.1359375 0.0953125
3 0.628125 0.5296875 0.13125 0.090625
5 0.43515625 0.67890625 0.1484375 0.1
5 0.83828125 0.5890625 0.153125 0.1
5 0.63828125 0.63203125 0.1640625 0.10625
2 0.175 0.72578125 0.1359375 0.1015625
9 0.62109375 0.51953125 0.740625 0.528125
12 0.103125 0.42421875 0.15625 0.1078125
0 0.16171875 0.60703125 0.1328125 0.090625
1 0.09453125 0.4921875 0.1453125 0.1
7 0.12421875 0.54921875 0.1375 0.09375
6 0.17265625 0.6671875 0.1296875 0.0890625
0 0.078125 0.66953125 0.1125 0.0875
8 0.18671875 0.8109375 0.1421875 0.109375
11 0.82265625 0.36796875 0.1515625 0.096875