3 0.30078125 0.52265625 0.0921875 0.0609375
3 0.16328125 0.48359375 0.0921875 0.0609375
4 0.35 0.45390625 0.0984375 0.0671875
4 0.20546875 0.40546875 0.096875 0.0671875
9 0.2296875 0.4859375 0.459375 0.384375
5 0.1328125 0.54921875 0.115625 0.075
5 0.2734375 0.59609375 0.103125 0.065625
2 0.4421875 0.64921875 0.090625 0.0671875
12 0.5640625 0.46328125 0.0984375 0.0671875
4 0.01953125 0.5 0.0390625 0.040625
10 0.03125 0.4390625 0.0625 0.0578125
8 0.4109375 0.703125 0.096875 0.0703125
0 0.48515625 0.571875 0.084375 0.05625
6 0.4625 0.6109375 0.0859375 0.0578125
11 0.06484375 0.36171875 0.096875 0.065625
1 0.56015625 0.50859375 0.0859375 0.0578125
7 0.52578125 0.540625 0.0984375 0.0671875