3 0.515625 0.60625 0.1046875 0.065625
3 0.35546875 0.58984375 0.1015625 0.0640625
4 0.5296875 0.70390625 0.1109375 0.071875
2 0.79453125 0.52578125 0.1078125 0.0671875
9 0.36484375 0.59921875 0.575 0.378125
12 0.18125 0.4953125 0.1234375 0.071875
5 0.521875 0.51484375 0.1171875 0.0703125
5 0.35703125 0.50546875 0.1359375 0.0796875
0 0.78515625 0.63515625 0.1015625 0.0625
1 0.7828125 0.740625 0.115625 0.075
11 0.1859375 0.6796875 0.1125 0.0734375
6 0.76484375 0.57734375 0.09375 0.059375
8 0.75703125 0.45625 0.1125 0.0703125
10 0.18203125 0.58046875 0.1078125 0.065625
7 0.35078125 0.6921875 0.1125 0.0734375