3 0.4640625 0.528125 0.12578125 0.06640625
2 0.121875 0.4125 0.13125 0.06640625
0 0.1453125 0.53828125 0.11796875 0.0578125
5 0.45390625 0.41875 0.1296875 0.065625
12 0.86328125 0.42265625 0.14765625 0.06953125
7 0.6734375 0.6421875 0.121875 0.06484375
1 0.153125 0.66484375 0.1265625 0.06640625
4 0.45390625 0.64140625 0.11953125 0.0671875
11 0.8671875 0.6421875 0.134375 0.065625
8 0.65625 0.41953125 0.13359375 0.06875
10 0.86796875 0.52265625 0.12421875 0.06484375
6 0.66328125 0.51953125 0.1125 0.06171875
9 0.3260020828125 0.3523364484375 0.3270229171875 0.35308177500000004 0.3400729171875 0.7170922890625 0.9680500000000001 0.7042873828125 0.9517374999999999 0.355825934375 0.3260020828125 0.3523364484375