3 0.59921875 0.3828125 0.0703125 0.1203125
3 0.5984375 0.5859375 0.071875 0.128125
3 0.5921875 0.1671875 0.06875 0.13125
5 0.69921875 0.16953125 0.0734375 0.153125
5 0.71484375 0.59453125 0.0765625 0.1359375
5 0.70546875 0.3828125 0.0796875 0.15625
9 0.59453125 0.3921875 0.38125 0.65625
1 0.47890625 0.60390625 0.06875 0.1265625
2 0.84296875 0.9390625 0.0890625 0.1078125
11 0.471875 0.178125 0.06875 0.1390625
12 0.8515625 0.28671875 0.08125 0.1375
0 0.6515625 0.965625 0.0671875 0.0625
7 0.47265625 0.3859375 0.0671875 0.1203125
8 0.865625 0.65 0.0828125 0.125
6 0.534375 0.95703125 0.0609375 0.0828125
10 0.7578125 0.9578125 0.065625 0.075