3 0.41015625 0.22578125 0.06640625 0.1265625
4 0.55390625 0.634375 0.07109375 0.1265625
4 0.5421875 0.41796875 0.071875 0.11796875
3 0.4359375 0.63984375 0.06875 0.1234375
3 0.41875 0.43984375 0.0671875 0.11796875
4 0.5296875 0.22265625 0.0671875 0.12421875
9 0.428125 0.44921875 0.38671875 0.68203125
0 0.41953125 0.94375 0.0625 0.1125
2 0.315625 0.66875 0.07734375 0.1359375
11 0.56796875 0.94140625 0.071875 0.11640625
12 0.29765625 0.24375 0.078125 0.146875
7 0.484375 0.91953125 0.08125 0.1578125
8 0.30703125 0.46015625 0.0765625 0.1328125