3 0.59375 0.48046875 0.1171875 0.0671875
3 0.209375 0.4421875 0.1203125 0.0671875
3 0.40546875 0.465625 0.1140625 0.06875
9 0.41953125 0.459375 0.6453125 0.4
4 0.63046875 0.371875 0.1265625 0.078125
4 0.42578125 0.35234375 0.1140625 0.0734375
5 0.2 0.53828125 0.1328125 0.0703125
5 0.584375 0.58515625 0.1328125 0.075
5 0.39140625 0.56171875 0.14375 0.078125
12 0.93125 0.315625 0.1375 0.078125
7 0.903125 0.44140625 0.1359375 0.075
0 0.85703125 0.49765625 0.1171875 0.0640625
1 0.9390625 0.38203125 0.121875 0.0703125
2 0.828125 0.6140625 0.115625 0.0765625
8 0.8125 0.69375 0.121875 0.0796875
6 0.83984375 0.55546875 0.1140625 0.065625
10 0.94140625 0.55078125 0.115625 0.0703125
11 0.23203125 0.33125 0.125 0.0703125