9 0.6203125 0.5140625 0.640625 0.3796875
4 0.646875 0.4078125 0.1125 0.0671875
4 0.8328125 0.4203125 0.115625 0.065625
4 0.440625 0.396875 0.1171875 0.0703125
2 0.42578125 0.625 0.1359375 0.0703125
12 0.8390625 0.63515625 0.153125 0.0765625
1 0.096875 0.37578125 0.1296875 0.06875
11 0.12734375 0.64453125 0.1328125 0.078125
0 0.44140625 0.5109375 0.1203125 0.0671875
8 0.628125 0.63046875 0.1375 0.071875
7 0.11328125 0.4953125 0.15625 0.0875
6 0.6421875 0.5265625 0.115625 0.065625
0 0.8421875 0.53359375 0.128125 0.0671875