9 0.32890625 0.4015625 0.61484375 0.33671875
11 0.4953125 0.28203125 0.10234375 0.06640625
2 0.134375 0.5046875 0.12734375 0.0703125
12 0.1328125 0.290625 0.11875 0.078125
0 0.35625 0.66484375 0.09765625 0.059375
3 0.32734375 0.496875 0.1140625 0.0625
1 0.5640625 0.6515625 0.0984375 0.059375
4 0.515625 0.49609375 0.11328125 0.06015625
7 0.50390625 0.38359375 0.10234375 0.0625
2 0.13515625 0.39765625 0.1234375 0.07109375
10 0.303125 0.2875 0.1046875 0.06171875
0 0.3015625 0.39140625 0.103125 0.0578125