9 0.4265625 0.5671875 0.853125 0.615625
5 0.63515625 0.375 0.1953125 0.1171875
5 0.36640625 0.42734375 0.2109375 0.128125
5 0.10546875 0.478125 0.1875 0.1171875
11 0.70390625 0.65859375 0.1640625 0.115625
0 0.13828125 0.61796875 0.1828125 0.115625
1 0.1546875 0.7765625 0.175 0.11875
7 0.43671875 0.71640625 0.1671875 0.1203125
12 0.4390625 0.22734375 0.184375 0.128125
10 0.67265625 0.50234375 0.190625 0.125
6 0.3984375 0.55546875 0.1609375 0.10625
8 0 0.2828125 0.021875 0.2921875 0.0328125 0.29375 0.0421875 0.3 0.05625 0.303125 0.0578125 0.30625 0.0734375 0.309375 0.084375 0.3203125 0.0796875 0.325 0.0703125 0.3265625 0.0609375 0.3328125 0.046875 0.334375 0.04375 0.3375 0.0390625 0.3375 0.034375 0.3421875 0.0234375 0.34375 0.00625 0.3515625 0 0.3515625 0 0.284375