4 0.58125 0.453125 0.07890625 0.13203125
4 0.571875 0.22578125 0.0734375 0.12109375
3 0.453125 0.453125 0.07421875 0.12890625
3 0.44140625 0.24765625 0.071875 0.121875
4 0.56328125 0.0453125 0.06328125 0.0890625
1 0.546875 0.92890625 0.09375 0.1421875
3 0.43984375 0.04921875 0.06796875 0.09375
0 0.42265625 0.80546875 0.071875 0.12578125
11 0.59453125 0.8171875 0.08203125 0.159375
2 0.3203125 0.4625 0.0828125 0.1484375
7 0.49609375 0.7734375 0.090625 0.1734375
12 0.3234375 0.06015625 0.078125 0.11640625
8 0.3234375 0.2484375 0.0796875 0.15546875
9 0.2623537734375 0 0.24647523593749998 0.6113166671875 0.66646344375 0.5706416671875 0.6346662734375 0.0005395828125 0.2623537734375 0
6 0.3703125 0.86875 0.384375 0.86875 0.3859375 0.871875 0.3921875 0.8734375 0.3984375 0.8796875 0.3984375 0.8828125 0.403125 0.8875 0.409375 0.915625 0.40625 0.9609375 0.403125 0.971875 0.3875 0.9953125 0.38125 0.9984375 0.3609375 0.9984375 0.3515625 0.990625 0.3515625 0.9875 0.346875 0.9828125 0.340625 0.9609375 0.3390625 0.9234375 0.3421875 0.9140625 0.3421875 0.9046875 0.346875 0.8921875 0.359375 0.875 0.3703125 0.8703125
10 0.4328125 0.8875 0.45 0.8859375 0.4609375 0.89375 0.46875 0.9046875 0.471875 0.915625 0.475 0.91875 0.4796875 0.95 0.478125 0.9734375 0.4703125 0.9984375 0.4171875 0.9984375 0.4140625 0.9953125 0.4140625 0.9875 0.409375 0.978125 0.409375 0.9546875 0.4078125 0.953125 0.409375 0.9515625 0.409375 0.93125 0.4140625 0.9203125 0.4140625 0.9109375 0.425 0.89375 0.4328125 0.8890625