3 0.50625 0.3875 0.11796875 0.065625
3 0.51484375 0.49453125 0.109375 0.0609375
4 0.31171875 0.49609375 0.11484375 0.059375
5 0.69140625 0.38203125 0.11328125 0.07109375
5 0.68203125 0.49140625 0.1203125 0.0828125
4 0.3078125 0.38203125 0.121875 0.06875
9 0.49609375 0.4875 0.61484375 0.33359375
10 0.5109375 0.60234375 0.109375 0.06328125
12 0.6796875 0.60078125 0.11796875 0.07578125
11 0.31171875 0.6015625 0.11015625 0.06640625
0 0.48125 0.23125 0.0921875 0.02421875
8 0.8421875 0.2390625 0.1109375 0.03671875
6 0.5953125 0.2359375 0.10234375 0.0328125