3 0.7359375 0.421875 0.09375 0.059375
5 0.7328125 0.34609375 0.1046875 0.0625
5 0.59453125 0.36875 0.109375 0.065625
4 0.75 0.4984375 0.090625 0.0578125
9 0.6109375 0.44375 0.46875 0.3078125
0 0.95078125 0.40078125 0.0828125 0.0515625
2 0.94609375 0.31328125 0.0671875 0.0546875
10 0.46171875 0.45625 0.0875 0.05625
6 0.60078125 0.43515625 0.084375 0.05625
12 0.45625 0.38671875 0.1015625 0.0625
11 0.47421875 0.534375 0.0859375 0.0546875
1 0.9546875 0.484375 0.090625 0.05625
7 0.60625 0.51640625 0.0859375 0.05625
8 0.92578125 0.2578125 0.090625 0.0640625