3 0.34296875 0.5515625 0.121875 0.071875
4 0.540625 0.5578125 0.125 0.071875
0 0.3640625 0.378125 0.10625 0.065625
1 0.5796875 0.396875 0.1171875 0.075
8 0.14921875 0.64765625 0.1359375 0.084375
2 0.14453125 0.5375 0.1421875 0.0828125
11 0.534375 0.76328125 0.109375 0.0453125
7 0.5359375 0.67421875 0.1109375 0.0765625
12 0.16171875 0.73828125 0.1078125 0.04375
6 0.32421875 0.6609375 0.1125 0.071875
10 0.3328125 0.75234375 0.1109375 0.0390625
9 0.0304169625 0.46534955624999996 0.0473683359375 0.7487808609375 0.6479786984375 0.789526575 0.6579517734375 0.5028323015625 0.0304169625 0.46534955624999996