4 0.284375 0.3765625 0.065625 0.11484375
4 0.3953125 0.36328125 0.06484375 0.12265625
4 0.515625 0.35078125 0.06953125 0.12890625
5 0.2921875 0.76484375 0.0796875 0.11953125
5 0.52421875 0.76640625 0.0765625 0.121875
5 0.4078125 0.76328125 0.0875 0.13203125
9 0.4078125 0.55546875 0.365625 0.6625
2 0.7375 0.940625 0.0765625 0.11796875
11 0.7046875 0.3390625 0.08046875 0.134375
7 0.75078125 0.76640625 0.0671875 0.153125
1 0.753125 0.4109375 0.0625 0.15234375
0 0.515625 0.5609375 0.06875 0.11640625
10 0.28046875 0.5859375 0.0703125 0.11484375
6 0.4 0.584375 0.0734375 0.12109375
12 0.36796875 0.97109375 0.075 0.05703125
8 0.56484375 0.97265625 0.06796875 0.05078125