3 0.70234375 0.45703125 0.1109375 0.059375
4 0.70078125 0.3578125 0.109375 0.0609375
9 0.5375 0.45546875 0.56171875 0.31484375
5 0.7203125 0.5515625 0.1171875 0.0578125
1 0.95078125 0.32734375 0.0984375 0.05625
12 0.36484375 0.56171875 0.11796875 0.05859375
11 0.334375 0.37421875 0.08046875 0.05078125
7 0.53046875 0.4703125 0.09609375 0.05390625
7 0.5140625 0.36640625 0.1 0.059375
10 0.353125 0.475 0.10078125 0.0546875
0 0.96015625 0.43515625 0.07890625 0.05234375
8 0.5421875 0.55625 0.1234375 0.059375
2 0.97421875 0.54453125 0.0484375 0.05234375