3 0.41015625 0.50703125 0.115625 0.0703125
0 0.13046875 0.56484375 0.115625 0.06875
4 0.4234375 0.60703125 0.1171875 0.075
2 0.084375 0.45546875 0.125 0.0765625
9 0.57578125 0.484375 0.60625 0.3921875
1 0.1640625 0.67109375 0.1171875 0.071875
5 0.38125 0.41328125 0.134375 0.078125
12 0.7390625 0.35625 0.1359375 0.0796875
11 0.796875 0.5421875 0.0828125 0.0625
10 0.759375 0.44296875 0.1109375 0.0703125
7 0.6125 0.57265625 0.1109375 0.0703125
6 0.584375 0.46953125 0.1015625 0.065625
8 0.56015625 0.384375 0.1265625 0.0796875