4 0.53828125 0.6765625 0.059375 0.0984375
4 0.5765625 0.34765625 0.0640625 0.103125
5 0.3625 0.65078125 0.0625 0.1171875
5 0.39140625 0.3171875 0.0640625 0.1125
4 0.5578125 0.5203125 0.0625 0.0984375
5 0.37734375 0.4828125 0.0703125 0.128125
9 0.46953125 0.49453125 0.340625 0.5515625
2 0.325 0.03203125 0.06875 0.0640625
12 0.25625 0.53125 0.06875 0.109375
8 0.28046875 0.246875 0.0703125 0.1078125
11 0.61875 0.0234375 0.621875 0.0234375 0.625 0.028125 0.6234375 0.0375 0.6265625 0.0421875 0.628125 0.05 0.6265625 0.0578125 0.63125 0.0734375 0.6296875 0.0828125 0.6328125 0.0921875 0.6328125 0.1015625 0.628125 0.1140625 0.6109375 0.121875 0.6015625 0.1296875 0.59375 0.1328125 0.5921875 0.1359375 0.5875 0.1375 0.584375 0.1359375 0.5828125 0.1234375 0.584375 0.1203125 0.58125 0.1125 0.5828125 0.1 0.578125 0.0859375 0.5796875 0.075 0.5765625 0.0625 0.5765625 0.05625 0.58125 0.0484375 0.5984375 0.034375 0.61875 0.025
10 0.440625 0.625 0.45625 0.6265625 0.4625 0.6328125 0.4609375 0.6359375 0.465625 0.6421875 0.465625 0.6484375 0.46875 0.653125 0.46875 0.678125 0.465625 0.6828125 0.465625 0.6921875 0.4609375 0.7046875 0.4515625 0.715625 0.43125 0.7140625 0.4203125 0.7 0.421875 0.6984375 0.41875 0.678125 0.421875 0.6546875 0.425 0.646875 0.4296875 0.6375 0.440625 0.6265625
6 0.4578125 0.45625 0.46875 0.4578125 0.475 0.4640625 0.48125 0.48125 0.4828125 0.5171875 0.4734375 0.5375 0.4625 0.546875 0.45 0.5453125 0.4484375 0.5421875 0.4421875 0.540625 0.4359375 0.5328125 0.4359375 0.5265625 0.4328125 0.521875 0.434375 0.5203125 0.4328125 0.4984375 0.4359375 0.48125 0.4484375 0.4625 0.45625 0.4578125
0 0.478125 0.2875 0.4859375 0.2875 0.4890625 0.290625 0.49375 0.290625 0.5 0.296875 0.4984375 0.3 0.5078125 0.3171875 0.50625 0.3234375 0.5078125 0.34375 0.5046875 0.3515625 0.5046875 0.3625 0.5 0.3671875 0.4984375 0.3734375 0.49375 0.3765625 0.49375 0.3796875 0.484375 0.3859375 0.471875 0.384375 0.4703125 0.38125 0.4671875 0.38125 0.4625 0.375 0.45625 0.3515625 0.4546875 0.3421875 0.45625 0.340625 0.45625 0.325 0.4625 0.315625 0.4625 0.309375 0.4671875 0.3 0.471875 0.2984375 0.478125 0.2890625