9 0.5953125 0.5765625 0.49609375 0.284375
5 0.75078125 0.490625 0.10703125 0.0546875
4 0.74140625 0.66484375 0.09453125 0.0546875
3 0.73828125 0.575 0.096875 0.0515625
1 0.96328125 0.690625 0.0734375 0.05234375
12 0.434375 0.48359375 0.10390625 0.053125
8 0.5921875 0.48671875 0.109375 0.05390625
0 0.9703125 0.59140625 0.05859375 0.04921875
11 0.41953125 0.653125 0.0859375 0.05234375
7 0.57421875 0.65859375 0.090625 0.053125
10 0.425 0.5609375 0.090625 0.04921875
6 0.58359375 0.56328125 0.08515625 0.04765625