9 0.38359375 0.69140625 0.32890625 0.6109375
3 0.25390625 0.73046875 0.065625 0.10625
3 0.46875 0.703125 0.06484375 0.10859375
3 0.365625 0.7234375 0.06171875 0.10625
5 0.371875 0.89453125 0.08125 0.12578125
5 0.26328125 0.9 0.07265625 0.115625
5 0.47890625 0.8890625 0.0703125 0.11640625
0 0.68515625 0.75 0.06171875 0.1109375
12 0.2484375 0.54296875 0.0609375 0.10390625
6 0.66484375 0.55859375 0.05859375 0.10234375
1 0.4609375 0.5140625 0.065625 0.10859375
10 0.6875 0.9265625 0.0640625 0.11640625
7 0.34765625 0.525 0.06484375 0.1046875
11 0.27109375 0.54140625 0.02109375 0.08828125