5 0.3125 0.38671875 0.12890625 0.06171875
3 0.29609375 0.47890625 0.1125 0.0578125
3 0.67578125 0.4921875 0.11640625 0.0625
4 0.675 0.6015625 0.11953125 0.06640625
4 0.4734375 0.59453125 0.10546875 0.06328125
5 0.503125 0.38828125 0.14609375 0.06640625
5 0.6921875 0.38984375 0.1328125 0.06484375
3 0.4890625 0.48125 0.1078125 0.05859375
9 0.4953125 0.49765625 0.60390625 0.3421875
2 0.9421875 0.3984375 0.115625 0.06875
1 0.95703125 0.63046875 0.0859375 0.0625
0 0.934375 0.5125 0.11953125 0.059375
12 0.94375 0.69296875 0.1125 0.07265625
7 0.94765625 0.571875 0.1046875 0.0640625
11 0.28359375 0.58828125 0.11875 0.06328125
8 0.94296875 0.32109375 0.1140625 0.075
6 0.93203125 0.45390625 0.109375 0.0578125