3 0.346875 0.4375 0.1171875 0.06328125
4 0.54453125 0.4453125 0.1203125 0.0640625
0 0.35625 0.6125 0.10234375 0.05859375
1 0.57265625 0.60859375 0.11328125 0.0671875
8 0.16015625 0.328125 0.13125 0.07578125
2 0.14765625 0.4375 0.1375 0.07265625
11 0.55234375 0.23984375 0.10625 0.0375
7 0.54765625 0.32890625 0.10703125 0.06875
12 0.17890625 0.2390625 0.10625 0.03671875
6 0.3359375 0.32734375 0.1078125 0.0640625
10 0.35078125 0.23671875 0.109375 0.03203125
9 0.065825 0.22025116875 0.029143750000000003 0.5018095796875001 0.6577645828125 0.5081927562499999 0.6678145828125001 0.22150116875 0.065825 0.22025116875