3 0.4078125 0.6046875 0.0828125 0.1234375
3 0.634375 0.67890625 0.084375 0.121875
4 0.4375 0.3984375 0.0859375 0.1328125
4 0.55625 0.43125 0.08125 0.1328125
4 0.6640625 0.46953125 0.0828125 0.1265625
3 0.51640625 0.6484375 0.08125 0.125
0 0.23359375 0.61171875 0.0765625 0.1140625
2 0.36640625 0.8125 0.0953125 0.146875
7 0.2625 0.50078125 0.1078125 0.1578125
9 0.51328125 0.62890625 0.465625 0.73125
12 0.603125 0.871875 0.0984375 0.153125
11 0.26640625 0.35 0.0859375 0.1390625
8 0.4828125 0.8390625 0.09375 0.1421875