9 0.57890625 0.49296875 0.7421875 0.41015625
5 0.58125 0.36484375 0.18671875 0.0859375
5 0.34296875 0.36171875 0.1609375 0.08203125
3 0.3546875 0.48984375 0.14609375 0.07578125
4 0.340625 0.6234375 0.13515625 0.078125
12 0.834375 0.3640625 0.17578125 0.08359375
0 0.03671875 0.6484375 0.07265625 0.07734375
11 0.82890625 0.62734375 0.146875 0.07734375
7 0.59140625 0.6265625 0.13515625 0.07578125
0 0.03046875 0.503125 0.06015625 0.06796875
10 0.8375 0.48671875 0.14921875 0.075
6 0.58828125 0.4828125 0.1484375 0.0796875