3 0.2953125 0.53203125 0.1140625 0.065625
4 0.2921875 0.63125 0.1125 0.0671875
9 0.46015625 0.5421875 0.578125 0.34375
5 0.2828125 0.43671875 0.1203125 0.0640625
1 0.0453125 0.64765625 0.090625 0.0609375
12 0.63828125 0.4453125 0.1203125 0.0640625
11 0.65859375 0.634375 0.0828125 0.0546875
7 0.46796875 0.528125 0.0984375 0.059375
7 0.47890625 0.6328125 0.103125 0.0640625
10 0.6453125 0.5328125 0.103125 0.059375
0 0.03828125 0.540625 0.0765625 0.05625
8 0.4609375 0.44140625 0.1265625 0.065625
2 0.02890625 0.43046875 0.0515625 0.0546875