1 0.8703125 0.66015625 0.11640625 0.06328125
0 0.66171875 0.659375 0.0984375 0.05703125
11 0.86328125 0.2890625 0.10859375 0.0640625
12 0.50390625 0.284375 0.10703125 0.0734375
2 0.44765625 0.6609375 0.10859375 0.0609375
5 0.490625 0.3890625 0.12109375 0.075
7 0.85625 0.390625 0.109375 0.06328125
3 0.65390625 0.39140625 0.10546875 0.05859375
3 0.65546875 0.490625 0.109375 0.0609375
4 0.84453125 0.5015625 0.12109375 0.06171875
5 0.47734375 0.49140625 0.11484375 0.06640625
8 0.55234375 0.6453125 0.0953125 0.05546875
8 0.315625 0.6359375 0.115625 0.0625
10 0.66796875 0.28671875 0.10390625 0.0625
9 0.3528875 0.5385116828125 0.9579666671875 0.568925234375 0.96399375 0.24316121562499998 0.41017291718750004 0.2338983640625 0.3528875 0.5385116828125