11 0.153125 0.4109375 0.1625 0.09375
2 0.675 0.56171875 0.16875 0.1109375
5 0.67734375 0.71171875 0.1578125 0.1015625
12 0.95703125 0.49453125 0.0859375 0.0921875
0 0.41875 0.7125 0.15 0.0953125
7 0.14140625 0.5625 0.165625 0.0875
5 0.6703125 0.409375 0.1578125 0.1078125
1 0.13671875 0.7234375 0.153125 0.0921875
10 0.43203125 0.40625 0.146875 0.0890625
6 0.43828125 0.56171875 0.1421875 0.084375
9 0.0089549390625 0.33171718437500003 0.006572603125 0.7845742296875 0.8294880156250001 0.7803051828124999 0.83706365625 0.330242275 0.0089549390625 0.33171718437500003