3 0.4234375 0.38828125 0.10703125 0.059375
4 0.246875 0.3890625 0.109375 0.059375
5 0.5921875 0.378125 0.1046875 0.06484375
9 0.42265625 0.48203125 0.565625 0.3171875
12 0.61015625 0.57578125 0.10234375 0.06640625
0 0.3875 0.2421875 0.0890625 0.04453125
1 0.1921875 0.24765625 0.096875 0.0546875
7 0.26171875 0.49296875 0.10546875 0.05703125
2 0.5796875 0.234375 0.09453125 0.02890625
10 0.45546875 0.5828125 0.09921875 0.0578125
11 0.275 0.5875 0.10625 0.0609375
8 0.60234375 0.4765625 0.10546875 0.0625
6 0.45 0.48359375 0.09609375 0.053125