0 0.9171875 0.46796875 0.109375 0.05625
2 0.6421875 0.35234375 0.1203125 0.0640625
1 0.8984375 0.5796875 0.1109375 0.05625
12 0.2875 0.35625 0.125 0.0640625
3 0.62734375 0.45234375 0.10625 0.0578125
7 0.43828125 0.546875 0.1046875 0.0578125
12 0.27109375 0.54375 0.1125 0.0578125
0 0.45234375 0.44296875 0.0984375 0.0578125
8 0.4640625 0.35546875 0.1125 0.0640625
10 0.28046875 0.44375 0.1046875 0.05625
9 0.7688917843749999 0.2894748921875 0.21449397499999998 0.2987359921875 0.18772090624999999 0.6064639 0.7298439375 0.622152134375 0.7688917843749999 0.2894748921875