3 0.39453125 0.52109375 0.1109375 0.0609375
3 0.5765625 0.515625 0.1203125 0.0640625
4 0.384375 0.40703125 0.1046875 0.0640625
4 0.5828125 0.40625 0.1171875 0.0671875
2 0.90390625 0.625 0.1203125 0.0703125
5 0.58515625 0.61875 0.128125 0.065625
5 0.4 0.6125 0.1421875 0.06875
0 0.88515625 0.50390625 0.115625 0.059375
9 0.4015625 0.50703125 0.6046875 0.3484375
1 0.875 0.38125 0.1234375 0.065625
12 0.20078125 0.61171875 0.1421875 0.0703125
8 0.86953125 0.7015625 0.1171875 0.071875
11 0.196875 0.4078125 0.128125 0.0625
6 0.86953125 0.56484375 0.1109375 0.0625
7 0.946875 0.44453125 0.10625 0.0671875
10 0.2 0.51875 0.115625 0.0609375