4 0.6015625 0.64765625 0.0828125 0.1296875
4 0.57734375 0.43359375 0.0828125 0.125
5 0.3703125 0.67890625 0.0859375 0.1453125
4 0.553125 0.2375 0.0796875 0.125
5 0.3296875 0.25625 0.0859375 0.1578125
5 0.35078125 0.47109375 0.0921875 0.16875
9 0.465625 0.45625 0.4421875 0.6921875
12 0.19375 0.3953125 0.0921875 0.14375
8 0.23046875 0.75390625 0.090625 0.1375
0 0.478125 0.5921875 0.484375 0.59375 0.490625 0.6 0.4921875 0.5984375 0.5 0.6078125 0.5140625 0.6359375 0.5171875 0.6734375 0.5140625 0.6765625 0.515625 0.6796875 0.5125 0.684375 0.509375 0.7015625 0.50625 0.703125 0.5015625 0.7125 0.49375 0.7171875 0.4796875 0.7171875 0.4796875 0.7140625 0.4734375 0.7109375 0.4625 0.696875 0.45625 0.6765625 0.45 0.6671875 0.4515625 0.63125 0.45625 0.6234375 0.4546875 0.61875 0.459375 0.6109375 0.4578125 0.6078125 0.4625 0.6046875 0.4640625 0.6 0.4765625 0.59375
6 0.453125 0.39375 0.46875 0.403125 0.478125 0.41875 0.4828125 0.434375 0.484375 0.4625 0.48125 0.46875 0.4828125 0.471875 0.48125 0.4828125 0.478125 0.4859375 0.4796875 0.4890625 0.4734375 0.5 0.4640625 0.50625 0.4484375 0.5046875 0.4359375 0.490625 0.4296875 0.4875 0.4296875 0.4828125 0.4234375 0.471875 0.421875 0.459375 0.4203125 0.4453125 0.421875 0.43125 0.4203125 0.4296875 0.4234375 0.4234375 0.425 0.4109375 0.4359375 0.396875 0.4515625 0.39375
10 0.425 0.1703125 0.4359375 0.171875 0.4453125 0.1765625 0.45 0.1828125 0.4515625 0.1890625 0.45625 0.19375 0.45625 0.2015625 0.459375 0.2046875 0.4640625 0.2296875 0.4625 0.23125 0.4640625 0.234375 0.4625 0.265625 0.45625 0.2859375 0.45 0.2875 0.4484375 0.2921875 0.44375 0.29375 0.425 0.29375 0.4203125 0.284375 0.415625 0.28125 0.4078125 0.265625 0.40625 0.253125 0.403125 0.2484375 0.4 0.203125 0.4046875 0.1953125 0.4046875 0.1875 0.4078125 0.1859375 0.409375 0.1796875 0.425 0.171875