9 0.475 0.44921875 0.4234375 0.23828125
2 0.83203125 0.3734375 0.08828125 0.04609375
5 0.4703125 0.3734375 0.10234375 0.04921875
0 0.8109375 0.45859375 0.08203125 0.04140625
4 0.60234375 0.52265625 0.08046875 0.04375
5 0.60703125 0.375 0.09140625 0.04453125
3 0.5984375 0.446875 0.078125 0.0421875
12 0.33203125 0.3703125 0.09453125 0.04765625
2 0.80078125 0.540625 0.08515625 0.040625
10 0.32734375 0.4390625 0.0859375 0.04609375
11 0.325 0.5171875 0.07734375 0.04140625
8 0.803125 0.31953125 0.08359375 0.05
7 0.459375 0.51953125 0.07890625 0.0421875
6 0.4640625 0.43828125 0.07109375 0.040625