3 0.36015625 0.584375 0.115625 0.0671875
3 0.36328125 0.48203125 0.1140625 0.065625
4 0.15859375 0.57578125 0.1203125 0.0671875
4 0.175 0.4640625 0.1234375 0.0703125
9 0.33671875 0.58203125 0.6234375 0.3546875
5 0.5296875 0.590625 0.121875 0.0875
5 0.54140625 0.4875 0.10625 0.0703125
2 0.56796875 0.3296875 0.109375 0.0703125
0 0.3625 0.328125 0.0984375 0.0640625
10 0.34375 0.6953125 0.11875 0.0734375
1 0.15703125 0.31796875 0.1203125 0.0734375
8 0.6953125 0.35546875 0.1140625 0.06875
12 0.5171875 0.70234375 0.1140625 0.078125
11 0.13359375 0.6828125 0.1109375 0.0671875
6 0.46640625 0.34140625 0.096875 0.0609375
7 0.2734375 0.2859375 0.109375 0.0671875