2 0.90703125 0.40390625 0.12734375 0.065625
0 0.8828125 0.528125 0.11796875 0.05859375
1 0.8796875 0.65 0.12421875 0.06328125
3 0.57578125 0.51640625 0.12109375 0.06328125
8 0.3875 0.4140625 0.1296875 0.06796875
12 0.190625 0.4171875 0.1359375 0.0671875
5 0.5828125 0.4125 0.1296875 0.065625
9 0.39921875 0.52421875 0.60234375 0.3390625
11 0.18515625 0.62734375 0.11796875 0.0609375
4 0.5859375 0.62734375 0.115625 0.0640625
7 0.375 0.62734375 0.1125 0.06171875
10 0.190625 0.51328125 0.115625 0.0609375
6 0.38125 0.50859375 0.10546875 0.05859375