4 0.2796875 0.35234375 0.13125 0.090625
4 0.24765625 0.459375 0.1265625 0.0859375
2 0.68203125 0.3203125 0.128125 0.0859375
5 0.64921875 0.44609375 0.1296875 0.0921875
3 0.44453125 0.50859375 0.11875 0.0828125
3 0.4640625 0.40546875 0.1203125 0.084375
5 0.57265625 0.65078125 0.1265625 0.1
5 0.6109375 0.54765625 0.1390625 0.10625
0 0.48671875 0.26953125 0.1140625 0.0859375
9 0.43203125 0.5015625 0.6796875 0.4671875
12 0.1828125 0.17421875 0.1328125 0.09375
7 0.3921875 0.228125 0.1265625 0.0953125
8 0.81875 0.3546875 0.1390625 0.0953125
6 0.58515625 0.29453125 0.109375 0.08125
1 0.29140625 0.1953125 0.1171875 0.08125
11 0.2109375 0.5625 0.1265625 0.0890625
10 0.40625 0.6140625 0.115625 0.084375