3 0.38671875 0.60546875 0.0796875 0.1296875
5 0.29453125 0.3828125 0.0828125 0.14375
3 0.371875 0.82109375 0.08125 0.1375
3 0.40859375 0.40078125 0.0796875 0.128125
5 0.28125 0.5953125 0.0921875 0.1671875
5 0.2671875 0.80703125 0.084375 0.1578125
9 0.3953125 0.60078125 0.4328125 0.6875
12 0.1265625 0.678125 0.09375 0.1484375
2 0.20390625 0.0453125 0.0984375 0.090625
1 0.52890625 0.4015625 0.0765625 0.128125
7 0.5125 0.62109375 0.078125 0.1265625
0 0.396875 0.02890625 0.071875 0.0578125
6 0.51171875 0.0421875 0.0671875 0.084375
11 0.49375 0.8265625 0.078125 0.140625
10 0.28984375 0.03203125 0.0734375 0.0640625
8 0.1515625 0.31875 0.0890625 0.134375