3 0.59296875 0.4015625 0.115625 0.075
4 0.7671875 0.4296875 0.1171875 0.075
5 0.428125 0.36484375 0.1140625 0.0796875
9 0.57890625 0.49453125 0.6078125 0.4015625
12 0.3796875 0.5578125 0.1109375 0.08125
0 0.6515625 0.26328125 0.0953125 0.0578125
1 0.84375 0.29921875 0.1046875 0.06875
7 0.73671875 0.53046875 0.1125 0.0734375
2 0.4625 0.225 0.0984375 0.04375
10 0.53125 0.5890625 0.1078125 0.071875
11 0.70859375 0.621875 0.1140625 0.0765625
8 0.40234375 0.4609375 0.1140625 0.078125
6 0.5515625 0.49140625 0.103125 0.0671875