9 0.51640625 0.53046875 0.596875 0.3265625
5 0.70625 0.42421875 0.11953125 0.07265625
3 0.52265625 0.4296875 0.11328125 0.0625
5 0.69453125 0.63828125 0.10859375 0.075
5 0.7015625 0.53203125 0.121875 0.07890625
1 0.32734375 0.425 0.1125 0.06328125
0 0.590625 0.234375 0.103125 0.0296875
2 0.903125 0.24609375 0.134375 0.05078125
6 0.53515625 0.534375 0.1078125 0.06015625
10 0.53046875 0.6421875 0.11015625 0.065625
12 0.9328125 0.57734375 0.11953125 0.07109375
7 0.3296875 0.53828125 0.11171875 0.0625
11 0.3359375 0.6421875 0.1046875 0.06953125
8 0.940625 0.39375 0.1125 0.0625