3 0.4078125 0.4203125 0.0796875 0.1140625
3 0.50625 0.42265625 0.071875 0.1078125
5 0.62578125 0.2859375 0.08125 0.109375
9 0.49921875 0.4375 0.39375 0.5984375
5 0.42734375 0.25 0.084375 0.115625
5 0.52734375 0.26640625 0.0890625 0.121875
10 0.60703125 0.43828125 0.0734375 0.1046875
1 0.37890625 0.59375 0.0765625 0.1125
2 0.2953125 0.06484375 0.040625 0.0875
7 0.4828125 0.60625 0.0734375 0.1078125
12 0.5984375 0.06484375 0.0796875 0.11875
8 0.428125 0.04375 0.075 0.0875
6 0.221875 0.51171875 0.0328125 0.0875
0 0.2421875 0.3390625 0.0203125 0.0703125
11 0.578125 0.61484375 0.071875 0.0953125