3 0.46875 0.3453125 0.078125 0.1109375
3 0.56796875 0.34296875 0.084375 0.1171875
5 0.33984375 0.2046875 0.0921875 0.1203125
5 0.43984375 0.190625 0.0984375 0.128125
5 0.54140625 0.17109375 0.090625 0.121875
9 0.4734375 0.3625 0.43125 0.6234375
3 0.36484375 0.35859375 0.0828125 0.115625
1 0.6015625 0.515625 0.0796875 0.1125
11 0.39609375 0.53359375 0.078125 0.109375
7 0.496875 0.528125 0.0796875 0.1109375
0 0.734375 0.26640625 0.028125 0.08125
6 0.76171875 0.43828125 0.05 0.0984375
2 0.67109375 0.01875 0.0421875 0.0375