5 0.33515625 0.6359375 0.153125 0.07265625
5 0.5609375 0.6453125 0.16875 0.08046875
5 0.790625 0.65625 0.1578125 0.07421875
9 0.5796875 0.5296875 0.71171875 0.39609375
1 0.8109375 0.4046875 0.14375 0.07421875
0 0.7921875 0.534375 0.13984375 0.07265625
6 0.559375 0.5375 0.12109375 0.0671875
7 0.5609375 0.40078125 0.1265625 0.07265625
11 0.3390625 0.40078125 0.140625 0.06875
10 0.32890625 0.528125 0.13046875 0.06875
12 0.4546875 0.79140625 0.13984375 0.08203125
8 0.8484375 0.81953125 0.14609375 0.09140625