4 0.4171875 0.6546875 0.0859375 0.13125
4 0.3078125 0.66171875 0.0875 0.1265625
4 0.5390625 0.64609375 0.0921875 0.1375
5 0.47578125 0.23671875 0.0984375 0.1390625
5 0.24921875 0.2765625 0.1 0.1328125
5 0.36484375 0.25859375 0.1109375 0.146875
1 0.7640625 0.54609375 0.0859375 0.15625
2 0.65546875 0.04296875 0.0921875 0.0859375
7 0.69921875 0.196875 0.0921875 0.165625
9 0.39921875 0.46484375 0.4734375 0.7140625
11 0.72734375 0.62578125 0.1015625 0.1453125
12 0.2859375 0.05859375 0.08125 0.0671875
8 0.48046875 0.028125 0.0765625 0.05625
0 0.50234375 0.43671875 0.0859375 0.1265625
6 0.38359375 0.43515625 0.084375 0.1234375
10 0.2671875 0.4546875 0.0890625 0.125