2 0.09765625 0.42265625 0.109375 0.05546875
3 0.38671875 0.50859375 0.10390625 0.0546875
0 0.12578125 0.52578125 0.1015625 0.05
5 0.371875 0.4203125 0.11171875 0.05625
9 0.540625 0.5109375 0.5265625 0.29453125
12 0.70859375 0.41328125 0.11875 0.0578125
4 0.38671875 0.60078125 0.1 0.0546875
11 0.72109375 0.5921875 0.1046875 0.0515625
1 0.1421875 0.628125 0.1 0.05
8 0.53984375 0.41640625 0.10859375 0.05625
7 0.56171875 0.596875 0.096875 0.053125
10 0.7171875 0.49609375 0.1 0.05234375
6 0.5484375 0.49765625 0.09453125 0.05234375