5 0.6453125 0.63359375 0.125 0.084375
5 0.6328125 0.41640625 0.11875 0.0875
5 0.6390625 0.52578125 0.1328125 0.096875
9 0.46328125 0.51328125 0.6546875 0.4171875
0 0.4625 0.6125 0.1171875 0.0765625
1 0.2703125 0.6015625 0.121875 0.0796875
10 0.46640625 0.3984375 0.1203125 0.078125
12 0.8734375 0.49765625 0.128125 0.0828125
11 0.271875 0.38359375 0.115625 0.078125
8 0.8875 0.6828125 0.125 0.0796875
7 0.26875 0.48828125 0.121875 0.0765625
6 0.4734375 0.5078125 0.109375 0.0703125
2 0.8203125 0.809375 0.071875 0.0328125