9 0.39921875 0.6484375 0.3296875 0.57734375
4 0.49921875 0.6640625 0.0625 0.1015625
4 0.4953125 0.834375 0.0578125 0.10546875
5 0.29609375 0.465625 0.06171875 0.1203125
4 0.5015625 0.4734375 0.06171875 0.10859375
5 0.2984375 0.65078125 0.06640625 0.13203125
2 0.18671875 0.1359375 0.07578125 0.11875
1 0.46484375 0.08671875 0.0734375 0.13359375
5 0.29921875 0.8375 0.06171875 0.12890625
7 0.2875 0.09921875 0.07421875 0.13046875
12 0.1703125 0.725 0.06875 0.1203125
11 0.50234375 0.1828125 0.0671875 0.12734375
0 0.39609375 0.4765625 0.0578125 0.10078125
6 0.38828125 0.6609375 0.0625 0.109375
8 0.1625 0.409375 0.07109375 0.109375
10 0.390625 0.84765625 0.05859375 0.11015625