5 0.5953125 0.57578125 0.140625 0.08125
3 0.20234375 0.484375 0.1234375 0.0703125
5 0.4015625 0.5765625 0.153125 0.0828125
3 0.5890625 0.46875 0.121875 0.0734375
4 0.6078125 0.353125 0.1296875 0.08125
4 0.40234375 0.3625 0.115625 0.075
9 0.4125 0.471875 0.65625 0.425
2 0.83984375 0.56640625 0.11875 0.08125
3 0.39921875 0.48046875 0.1171875 0.071875
5 0.20859375 0.578125 0.1390625 0.0765625
12 0.9015625 0.25703125 0.140625 0.08125
1 0.91796875 0.32109375 0.125 0.0734375
7 0.8890625 0.384375 0.1390625 0.0828125
0 0.85234375 0.446875 0.1203125 0.06875
10 0.94140625 0.48828125 0.1171875 0.0734375
8 0.834375 0.6484375 0.1234375 0.084375
6 0.840625 0.50703125 0.1140625 0.06875
11 0.20703125 0.36875 0.128125 0.0765625