2 0.78671875 0.4703125 0.1109375 0.06171875
3 0.48203125 0.58671875 0.11015625 0.06171875
5 0.484375 0.4859375 0.125 0.0640625
5 0.3046875 0.49453125 0.13671875 0.06875
1 0.784375 0.70703125 0.11640625 0.06640625
3 0.30703125 0.58671875 0.10625 0.059375
0 0.78359375 0.590625 0.10625 0.0578125
9 0.31953125 0.5921875 0.5796875 0.33984375
4 0.50234375 0.69375 0.109375 0.0640625
12 0.11171875 0.50234375 0.1328125 0.0625
8 0.73984375 0.396875 0.11015625 0.0640625
11 0.12265625 0.70390625 0.11484375 0.06328125
6 0.7578125 0.52890625 0.1015625 0.05546875
7 0.303125 0.6984375 0.11796875 0.0625
10 0.115625 0.59453125 0.11015625 0.06015625