2 0.3265625 0.3671875 0.11796875 0.0609375
3 0.34140625 0.46640625 0.109375 0.05703125
1 0.07265625 0.59609375 0.109375 0.05390625
0 0.05625 0.48515625 0.10859375 0.05390625
9 0.50078125 0.46953125 0.56015625 0.31171875
12 0.684375 0.36484375 0.125 0.06015625
7 0.3421875 0.56640625 0.10859375 0.05859375
8 0.50625 0.365625 0.11875 0.0609375
11 0.69765625 0.553125 0.1109375 0.05390625
10 0.6921875 0.453125 0.10625 0.05703125
7 0.53046875 0.559375 0.10546875 0.05546875
6 0.51796875 0.45390625 0.0953125 0.05390625