2 0.07421875 0.4140625 0.1265625 0.075
3 0.41640625 0.48984375 0.115625 0.0703125
5 0.575 0.37578125 0.1375 0.078125
5 0.3953125 0.38984375 0.1296875 0.075
9 0.5765625 0.47734375 0.5890625 0.3828125
12 0.75859375 0.35703125 0.1390625 0.075
8 0.109375 0.3359375 0.1203125 0.08125
0 0.1140625 0.534375 0.109375 0.0640625
4 0.42109375 0.59453125 0.1140625 0.071875
11 0.78515625 0.54921875 0.1171875 0.0671875
7 0.6171875 0.57109375 0.11875 0.0703125
1 0.1421875 0.65078125 0.1171875 0.0703125
6 0.5984375 0.46171875 0.1109375 0.0671875
10 0.7703125 0.4453125 0.109375 0.065625