4 0.55078125 0.63203125 0.0953125 0.065625
3 0.4078125 0.603125 0.09375 0.065625
5 0.27265625 0.5828125 0.09375 0.0703125
5 0.28203125 0.50078125 0.1046875 0.078125
9 0.42109375 0.52578125 0.5125 0.353125
2 0.24921875 0.709375 0.090625 0.0609375
0 0.41171875 0.73203125 0.084375 0.0640625
10 0.4171875 0.44140625 0.09375 0.065625
6 0.4046875 0.521875 0.0890625 0.0609375
1 0.56796875 0.75546875 0.0921875 0.0671875
7 0.55625 0.54765625 0.0890625 0.0625
8 0.14921875 0.6796875 0.1015625 0.0703125
12 0.2890625 0.4203125 0.1015625 0.0734375
11 0.56171875 0.47109375 0.0890625 0.0625