3 0.353125 0.6359375 0.090625 0.0640625
3 0.4859375 0.6828125 0.0875 0.0625
9 0.48125 0.67421875 0.540625 0.3921875
4 0.5265625 0.6046875 0.090625 0.065625
4 0.38125 0.55859375 0.096875 0.06875
5 0.5984375 0.79609375 0.109375 0.0734375
5 0.45703125 0.7484375 0.1140625 0.0765625
5 0.3140625 0.7046875 0.1015625 0.06875
10 0.63125 0.7296875 0.103125 0.071875
12 0.2125 0.4453125 0.1078125 0.0734375
2 0.13984375 0.6453125 0.0984375 0.0703125
0 0.18046875 0.56875 0.0921875 0.0625
11 0.66015625 0.65078125 0.0953125 0.065625
8 0.1171875 0.69921875 0.103125 0.078125
7 0.178125 0.5234375 0.096875 0.065625
1 0.18359375 0.48046875 0.1046875 0.06875
6 0.1578125 0.60625 0.0765625 0.05625