3 0.49765625 0.49453125 0.115625 0.065625
3 0.6890625 0.49453125 0.1234375 0.06875
4 0.4953125 0.6109375 0.1109375 0.0671875
3 0.2953125 0.503125 0.1234375 0.065625
4 0.7046875 0.60625 0.1234375 0.071875
5 0.6953125 0.3890625 0.140625 0.0734375
5 0.49765625 0.3984375 0.1453125 0.0734375
5 0.30078125 0.4078125 0.1390625 0.06875
9 0.50703125 0.50703125 0.621875 0.365625
2 0.93984375 0.38359375 0.115625 0.075
0 0.94296875 0.50078125 0.1140625 0.0640625
12 0.9625 0.68359375 0.075 0.0734375
7 0.9578125 0.559375 0.084375 0.06875
6 0.9421875 0.44140625 0.1140625 0.0640625
11 0.29765625 0.615625 0.121875 0.0703125
8 0.9359375 0.30546875 0.1171875 0.0796875
1 0.97265625 0.61640625 0.0546875 0.0609375