3 0.41171875 0.51875 0.1203125 0.06875
3 0.60625 0.54375 0.1265625 0.06875
3 0.19609375 0.50234375 0.1359375 0.071875
5 0.221875 0.40390625 0.1515625 0.075
4 0.59609375 0.65625 0.1265625 0.0734375
4 0.38359375 0.640625 0.121875 0.0734375
5 0.428125 0.421875 0.153125 0.0765625
5 0.6296875 0.43984375 0.1375 0.0734375
9 0.4015625 0.5328125 0.6734375 0.396875
7 0.8734375 0.69921875 0.134375 0.06875
2 0.865625 0.47109375 0.1171875 0.0703125
12 0.8546875 0.759375 0.140625 0.078125
7 0.8640625 0.6390625 0.13125 0.065625
0 0.84140625 0.57734375 0.1171875 0.0625
8 0.86875 0.3953125 0.121875 0.075
6 0.8453125 0.52109375 0.1109375 0.0609375
11 0.1765625 0.62421875 0.134375 0.075
10 0.93359375 0.54453125 0.115625 0.065625