2 0.21484375 0.5203125 0.121875 0.0796875
3 0.534375 0.58125 0.1234375 0.08125
1 0.2546875 0.75234375 0.1234375 0.0828125
3 0.70703125 0.55 0.1125 0.0734375
5 0.69296875 0.46015625 0.1484375 0.090625
5 0.51640625 0.4828125 0.1328125 0.0828125
0 0.23671875 0.63671875 0.1140625 0.0734375
9 0.68828125 0.55859375 0.6234375 0.4328125
12 0.88203125 0.43515625 0.146875 0.0859375
8 0.24609375 0.4390625 0.11875 0.08125
4 0.53046875 0.68984375 0.11875 0.08125
11 0.909375 0.63515625 0.11875 0.08125
7 0.73203125 0.6625 0.1265625 0.0828125
6 0.25078125 0.57265625 0.1078125 0.0703125
10 0.89375 0.5265625 0.1203125 0.078125