5 0.2640625 0.48671875 0.1109375 0.059375
9 0.4234375 0.56328125 0.5 0.30625
4 0.28359375 0.65703125 0.096875 0.059375
2 0.02890625 0.50546875 0.0578125 0.0515625
0 0.04609375 0.60078125 0.08125 0.0515625
3 0.2796875 0.56796875 0.0953125 0.05625
12 0.56953125 0.46015625 0.1046875 0.0609375
1 0.059375 0.6984375 0.096875 0.059375
11 0.59609375 0.621875 0.08125 0.053125
10 0.5828125 0.53515625 0.0921875 0.0546875
7 0.446875 0.6375 0.0921875 0.05625
6 0.4296875 0.546875 0.090625 0.0546875
8 0.415625 0.47421875 0.1078125 0.0578125