4 0.69140625 0.4359375 0.103125 0.0734375
9 0.53125 0.484375 0.5375 0.3828125
3 0.6703125 0.51875 0.0984375 0.06875
0 0.9078125 0.5625 0.103125 0.06875
2 0.9125 0.6609375 0.109375 0.071875
1 0.915625 0.46640625 0.10625 0.0703125
12 0.36484375 0.53515625 0.1125 0.075
5 0.665625 0.60234375 0.1140625 0.0734375
11 0.38671875 0.37265625 0.1 0.0703125
10 0.37265625 0.459375 0.0984375 0.06875
7 0.53203125 0.403125 0.0953125 0.06875
8 0.5125 0.56875 0.1171875 0.0765625
6 0.5234375 0.49453125 0.0890625 0.0640625