3 0.396875 0.546875 0.078125 0.1046875
3 0.490625 0.51796875 0.0765625 0.10625
3 0.57734375 0.4796875 0.0796875 0.109375
9 0.4859375 0.496875 0.425 0.603125
5 0.43828125 0.69140625 0.0875 0.1125
5 0.62578125 0.6390625 0.0875 0.115625
5 0.5296875 0.66328125 0.09375 0.121875
2 0.82109375 0.74765625 0.0765625 0.13125
0 0.7671875 0.4796875 0.059375 0.1015625
1 0.5359375 0.3109375 0.0796875 0.1125
12 0.546875 0.87109375 0.084375 0.121875
6 0.72109375 0.31328125 0.0734375 0.103125
12 0.353125 0.38125 0.0796875 0.1078125
12 0.7046875 0.82734375 0.0796875 0.11875
7 0.43984375 0.34453125 0.075 0.10625
10 0.8 0.6265625 0.059375 0.1015625