3 0.53828125 0.47265625 0.1203125 0.071875
4 0.3421875 0.3453125 0.1234375 0.0765625
4 0.54296875 0.359375 0.1109375 0.071875
3 0.35234375 0.4546875 0.121875 0.071875
9 0.53125 0.46328125 0.628125 0.3953125
5 0.725 0.578125 0.1421875 0.0765625
2 0.10625 0.54140625 0.115625 0.0765625
5 0.53359375 0.56875 0.146875 0.08125
5 0.33984375 0.559375 0.1359375 0.078125
0 0.10546875 0.42890625 0.1203125 0.06875
12 0.08125 0.246875 0.128125 0.0796875
10 0.73515625 0.48359375 0.1296875 0.075
8 0.10546875 0.6203125 0.1265625 0.08125
1 0.06640625 0.30859375 0.1078125 0.06875
11 0.73359375 0.36875 0.11875 0.0765625
7 0.0796875 0.36875 0.134375 0.0765625
6 0.1078125 0.4859375 0.1125 0.065625