3 0.33203125 0.703125 0.075 0.1140625
3 0.4375 0.69609375 0.08125 0.121875
5 0.20859375 0.8609375 0.0890625 0.125
5 0.31640625 0.871875 0.096875 0.134375
5 0.4234375 0.88359375 0.0859375 0.125
3 0.22265625 0.696875 0.0765625 0.1109375
0 0.6484375 0.771875 0.075 0.115625
1 0.4578125 0.5046875 0.0796875 0.115625
7 0.34609375 0.5015625 0.0859375 0.11875
6 0.653125 0.58125 0.0703125 0.10625
10 0.6265625 0.940625 0.078125 0.11875
11 0.24609375 0.50390625 0.08125 0.1109375
9 0.2305479125 0.3893792140625 0.1530653484375 0.9521012640625001 0.47176379218750003 0.9965758390625 0.53063859375 0.38764774687500003 0.2305479125 0.3893792140625