0 0.45546875 0.290625 0.0890625 0.05625
3 0.484375 0.434375 0.09453125 0.0546875
2 0.6390625 0.2734375 0.09921875 0.0625
5 0.64296875 0.42734375 0.09765625 0.059375
4 0.3203125 0.43515625 0.1015625 0.05625
1 0.27421875 0.29921875 0.09375 0.0578125
9 0.48125 0.525 0.52578125 0.29375
12 0.6546875 0.61484375 0.1 0.06640625
7 0.33046875 0.5328125 0.09453125 0.053125
11 0.33828125 0.62421875 0.0953125 0.0578125
6 0.50546875 0.525 0.09375 0.0515625
10 0.5078125 0.6203125 0.09140625 0.05390625
8 0.6484375 0.5203125 0.09921875 0.0609375