3 0.3296875 0.56953125 0.1359375 0.078125
5 0.7421875 0.43984375 0.1515625 0.0765625
5 0.53046875 0.44765625 0.1625 0.0859375
5 0.315625 0.45390625 0.15 0.08125
9 0.51953125 0.56015625 0.6921875 0.428125
1 0.31796875 0.69375 0.134375 0.0828125
11 0.75625 0.6671875 0.1390625 0.0796875
10 0.75390625 0.54375 0.140625 0.0796875
12 0.61953125 0.30078125 0.14375 0.084375
7 0.546875 0.68125 0.125 0.0796875
6 0.540625 0.55078125 0.11875 0.071875
8 0.246875 0.2734375 0.2546875 0.275 0.2609375 0.2796875 0.265625 0.2796875 0.275 0.2890625 0.284375 0.2921875 0.3015625 0.3046875 0.3125 0.309375 0.3140625 0.3125 0.31875 0.3140625 0.3203125 0.325 0.30625 0.33125 0.2796875 0.3328125 0.2703125 0.3375 0.228125 0.3421875 0.21875 0.346875 0.2109375 0.346875 0.203125 0.34375 0.2 0.33125 0.2015625 0.3234375 0.20625 0.31875 0.2140625 0.3015625 0.2171875 0.3 0.2171875 0.296875 0.23125 0.2765625 0.2453125 0.275