5 0.76640625 0.40859375 0.1390625 0.09375
5 0.775 0.67421875 0.14375 0.090625
5 0.76875 0.53984375 0.1515625 0.1
11 0.32890625 0.38046875 0.128125 0.0671875
1 0.2953125 0.659375 0.1421875 0.0828125
7 0.3109375 0.51796875 0.1359375 0.078125
10 0.56484375 0.39609375 0.121875 0.075
0 0.5453125 0.6625 0.1359375 0.08125
6 0.56640625 0.5296875 0.1234375 0.071875
11 0.9875 0.4953125 0.025 0.08125
9 0.14496780625 0.7459662953125 0.9100928109374999 0.757537453125 0.9080287531250001 0.3555628703125 0.199987025 0.3284972765625 0.14496780625 0.7459662953125