5 0.725 0.45703125 0.128125 0.096875
3 0.54921875 0.41640625 0.1203125 0.0890625
5 0.6640625 0.65546875 0.1234375 0.1
5 0.6953125 0.5578125 0.1328125 0.1046875
9 0.5234375 0.51015625 0.6453125 0.459375
12 0.9015625 0.65546875 0.134375 0.0984375
1 0.36875 0.36640625 0.1203125 0.0875
6 0.5390625 0.5203125 0.1234375 0.0875
11 0.32734375 0.5703125 0.11875 0.0921875
2 0.9328125 0.3421875 0.0875 0.05
7 0.34453125 0.471875 0.1171875 0.084375
10 0.50390625 0.61796875 0.1109375 0.0828125
8 0.94609375 0.4859375 0.1078125 0.0875