4 0.62578125 0.7890625 0.06484375 0.11640625
4 0.63203125 0.6015625 0.0703125 0.11328125
5 0.40625 0.3796875 0.06796875 0.13515625
4 0.6375 0.38828125 0.0703125 0.12265625
5 0.4109375 0.7796875 0.065625 0.13515625
5 0.40859375 0.58359375 0.06875 0.1484375
9 0.5265625 0.58359375 0.37109375 0.6390625
0 0.51796875 0.3921875 0.0671875 0.11796875
2 0.29453125 0.03984375 0.07109375 0.0796875
12 0.27578125 0.6546875 0.07109375 0.125
6 0.5078125 0.5953125 0.065625 0.115625
8 0.39296875 0.021875 0.07421875 0.04296875
11 0.64296875 0.0625 0.07734375 0.125
10 0.509375 0.7984375 0.06328125 0.11640625
8 0.2671875 0.31640625 0.06953125 0.11484375