3 0.4 0.540625 0.11875 0.078125
3 0.578125 0.50078125 0.128125 0.0828125
4 0.36875 0.43125 0.1125 0.078125
4 0.56328125 0.3921875 0.1265625 0.084375
2 0.9203125 0.5453125 0.128125 0.0890625
5 0.60625 0.6 0.1359375 0.084375
5 0.4234375 0.62890625 0.15 0.0890625
0 0.87890625 0.4296875 0.1234375 0.0765625
9 0.4046875 0.52578125 0.6484375 0.4359375
1 0.8453125 0.3125 0.13125 0.0828125
12 0.228125 0.6671875 0.1515625 0.090625
8 0.90078125 0.62734375 0.1265625 0.0890625
11 0.18515625 0.4671875 0.134375 0.08125
6 0.875 0.49375 0.11875 0.078125
7 0.92890625 0.36015625 0.115625 0.0828125
10 0.20859375 0.57578125 0.121875 0.078125