9 0.45234375 0.478125 0.5171875 0.8109375
4 0.58515625 0.6875 0.096875 0.1546875
4 0.334375 0.6578125 0.0890625 0.134375
3 0.440625 0.43828125 0.0875 0.13125
3 0.565625 0.45625 0.09375 0.1421875
3 0.31328125 0.43515625 0.090625 0.1328125
4 0.45078125 0.67421875 0.0890625 0.14375
7 0.75234375 0.53984375 0.1015625 0.178125
0 0.75234375 0.40390625 0.059375 0.1328125
12 0.296875 0.2296875 0.1125 0.159375
11 0.7859375 0.709375 0.06875 0.1578125
2 0.54765625 0.21328125 0.10625 0.15625
8 0.42265625 0.2234375 0.1109375 0.1625