9 0.49921875 0.57421875 0.490625 0.6875
4 0.440625 0.79921875 0.0859375 0.125
4 0.39609375 0.6171875 0.090625 0.1234375
4 0.34765625 0.41015625 0.0953125 0.134375
5 0.6484375 0.7453125 0.09375 0.1515625
5 0.57265625 0.3578125 0.0953125 0.14375
5 0.609375 0.5515625 0.1046875 0.1625
12 0.75703125 0.59453125 0.0953125 0.140625
3 0.4640625 0.39140625 0.0890625 0.128125
11 0.27578125 0.0953125 0.0984375 0.1296875
2 0.61171875 0.021875 0.0828125 0.04375
7 0.6953125 0.2640625 0.0921875 0.1296875
6 0.51796875 0.58828125 0.0859375 0.1265625
10 0.55546875 0.78359375 0.0828125 0.128125
8 0.50625 0.0140625 0.075 0.028125