9 0.37265625 0.45703125 0.590625 0.31796875
3 0.371875 0.55546875 0.1078125 0.0609375
4 0.559375 0.559375 0.1140625 0.0625
11 0.55703125 0.35 0.1015625 0.065625
1 0.59609375 0.715625 0.10625 0.0671875
12 0.1953125 0.34921875 0.12109375 0.0734375
0 0.38828125 0.72265625 0.09921875 0.06328125
2 0.18046875 0.5625 0.121875 0.0671875
7 0.56015625 0.44921875 0.1015625 0.05859375
10 0.365625 0.34765625 0.10234375 0.0609375
6 0.3578125 0.45234375 0.10078125 0.05703125
8 0.190625 0.45703125 0.12109375 0.06875