5 0.30234375 0.36640625 0.13671875 0.0671875
5 0.4953125 0.36875 0.14375 0.0671875
5 0.68671875 0.3703125 0.1296875 0.06328125
3 0.3140625 0.47265625 0.12578125 0.06484375
9 0.484375 0.47734375 0.596875 0.34140625
11 0.6984375 0.57109375 0.1109375 0.059375
8 0.23671875 0.23046875 0.11640625 0.06875
1 0.3125 0.5828125 0.11796875 0.06328125
12 0.56796875 0.2359375 0.1171875 0.06875
7 0.51328125 0.57890625 0.1125 0.0625
10 0.69609375 0.46328125 0.1109375 0.05625
6 0.5046875 0.4625 0.10546875 0.05703125