9 0.6015625 0.33359375 0.6765625 0.4703125
4 0.45703125 0.4734375 0.1265625 0.0875
5 0.390625 0.27109375 0.140625 0.0921875
4 0.6484375 0.42578125 0.1140625 0.0828125
2 0.078125 0.3390625 0.13125 0.096875
3 0.43125 0.36640625 0.128125 0.0875
5 0.578125 0.23125 0.15 0.0953125
3 0.61015625 0.3203125 0.11875 0.0828125
1 0.1734375 0.56875 0.1296875 0.0890625
7 0.07421875 0.52421875 0.134375 0.09375
0 0.13046875 0.45625 0.1234375 0.0859375
11 0.83359375 0.37734375 0.1328125 0.084375
12 0.771875 0.18359375 0.153125 0.103125
8 0.0921875 0.25703125 0.13125 0.1
6 0.12734375 0.39140625 0.1171875 0.084375
10 0.79921875 0.275 0.121875 0.084375