4 0.25 0.51796875 0.1390625 0.09375
4 0.25703125 0.4015625 0.1296875 0.0859375
3 0.46484375 0.4375 0.128125 0.0859375
2 0.634375 0.7171875 0.1359375 0.0875
3 0.46328125 0.32421875 0.121875 0.0875
3 0.44921875 0.5421875 0.1265625 0.0875
5 0.63515625 0.57890625 0.1296875 0.0953125
5 0.63125 0.4671875 0.1375 0.103125
0 0.42109375 0.6859375 0.1140625 0.0859375
5 0.628125 0.3578125 0.1265625 0.096875
9 0.45 0.44375 0.7171875 0.4828125
7 0.2046875 0.684375 0.11875 0.0875
12 0.08828125 0.65390625 0.1390625 0.1
7 0.315625 0.68828125 0.1328125 0.096875
8 0.7734375 0.74140625 0.1421875 0.090625
10 0.4984375 0.753125 0.121875 0.084375
11 0.2640625 0.2875 0.125 0.0875
6 0.52734375 0.7 0.1140625 0.0796875