5 0.35390625 0.6015625 0.171875 0.115625
5 0.5796875 0.5390625 0.1890625 0.121875
5 0.8015625 0.475 0.175 0.1125
1 0.2765625 0.34765625 0.1515625 0.1125
12 0.721875 0.665625 0.159375 0.1109375
11 0.73984375 0.23359375 0.1578125 0.1078125
0 0.325 0.47734375 0.1546875 0.10625
8 0.33984375 0.77890625 0.153125 0.1125
7 0.51875 0.28671875 0.1515625 0.1109375
6 0.553125 0.42734375 0.159375 0.1109375
10 0.7984375 0.3203125 0.8 0.321875 0.8125 0.3203125 0.8359375 0.3265625 0.840625 0.33125 0.846875 0.3515625 0.8390625 0.3671875 0.821875 0.38125 0.8171875 0.38125 0.8046875 0.3875 0.803125 0.390625 0.778125 0.396875 0.7484375 0.396875 0.746875 0.3953125 0.7390625 0.396875 0.7359375 0.39375 0.7296875 0.39375 0.721875 0.3875 0.71875 0.3828125 0.71875 0.378125 0.7140625 0.3765625 0.7171875 0.375 0.715625 0.3703125 0.7171875 0.3609375 0.7203125 0.359375 0.725 0.3484375 0.73125 0.346875 0.7359375 0.340625 0.7453125 0.3390625 0.759375 0.3296875 0.796875 0.3203125