0 0.91796875 0.475 0.1078125 0.0546875
2 0.64453125 0.3546875 0.11875 0.0625
1 0.896875 0.58671875 0.109375 0.0546875
12 0.28984375 0.35234375 0.12421875 0.0625
3 0.628125 0.4546875 0.10546875 0.05625
7 0.4375 0.54609375 0.10390625 0.05625
12 0.2703125 0.53984375 0.11171875 0.05546875
0 0.453125 0.4421875 0.096875 0.05546875
8 0.46640625 0.3546875 0.11171875 0.06171875
10 0.28125 0.43984375 0.103125 0.0546875
9 0.1859104171875 0.6009976640625 0.7276770828125 0.626144859375 0.772525 0.294199765625 0.21805 0.293783878125 0.1859104171875 0.6009976640625