9 0.41796875 0.340625 0.396875 0.6125
4 0.51953125 0.33671875 0.075 0.1078125
4 0.5359375 0.1671875 0.0703125 0.1125
5 0.29375 0.509375 0.0765625 0.1265625
4 0.4984375 0.5265625 0.075 0.115625
5 0.31796875 0.32578125 0.08125 0.1390625
2 0.14453125 0.8234375 0.0890625 0.1265625
1 0.41484375 0.90625 0.0890625 0.1421875
5 0.3421875 0.140625 0.0765625 0.1359375
7 0.240625 0.871875 0.0890625 0.1390625
12 0.2 0.23671875 0.0828125 0.128125
11 0.46328125 0.81484375 0.0828125 0.134375
0 0.39375 0.5109375 0.0703125 0.1078125
6 0.40859375 0.3265625 0.075 0.115625
8 0.15390625 0.5484375 0.084375 0.1171875
10 0.43359375 0.14140625 0.071875 0.1171875