9 0.565625 0.55234375 0.3578125 0.6546875
2 0.26328125 0.12109375 0.07265625 0.14140625
5 0.46328125 0.34765625 0.075 0.12265625
5 0.68984375 0.371875 0.0796875 0.11953125
4 0.575 0.75859375 0.06328125 0.11953125
4 0.4546875 0.753125 0.06796875 0.12578125
4 0.68046875 0.75859375 0.065625 0.115625
5 0.57578125 0.3578125 0.084375 0.13203125
12 0.628125 0.1109375 0.0703125 0.12890625
11 0.27265625 0.7421875 0.08125 0.14375
7 0.246875 0.3171875 0.059375 0.14140625
8 0.4328125 0.08515625 0.06640625 0.125
0 0.4625 0.5453125 0.0671875 0.115625
6 0.57734375 0.54453125 0.0734375 0.125
10 0.69453125 0.55234375 0.065625 0.1078125