3 0.51015625 0.5546875 0.0671875 0.0984375
5 0.58984375 0.56171875 0.08125 0.128125
5 0.61640625 0.40390625 0.0703125 0.1078125
3 0.53046875 0.40234375 0.0703125 0.103125
5 0.56015625 0.725 0.075 0.1234375
3 0.48125 0.71640625 0.06875 0.1078125
2 0.74765625 0.1484375 0.078125 0.1140625
9 0.50234375 0.5515625 0.3796875 0.559375
0 0.609375 0.10859375 0.065625 0.103125
12 0.6890625 0.64140625 0.0734375 0.109375
1 0.440625 0.3859375 0.06875 0.103125
10 0.6875 0.12578125 0.065625 0.1
11 0.38984375 0.7046875 0.0703125 0.1078125
2 0.73671875 0.37265625 0.0734375 0.1046875
6 0.52109375 0.11875 0.0609375 0.0953125
7 0.41328125 0.54921875 0.0703125 0.1015625