9 0.4765625 0.51015625 0.603125 0.3640625
5 0.30546875 0.62578125 0.1203125 0.078125
3 0.48046875 0.6046875 0.1140625 0.0703125
5 0.30078125 0.521875 0.121875 0.0859375
5 0.29453125 0.42109375 0.1125 0.08125
1 0.6671875 0.59140625 0.1109375 0.06875
12 0.0734375 0.5 0.11875 0.0765625
6 0.459375 0.5046875 0.11875 0.06875
11 0.63671875 0.3875 0.1078125 0.075
7 0.65390625 0.484375 0.109375 0.0671875
8 0.08125 0.6765625 0.11875 0.0703125
10 0.45546875 0.40234375 0.103125 0.0671875
2 0.159375 0.79765625 0.0640625 0.028125