9 0.45859375 0.53359375 0.35625 0.65
4 0.4453125 0.728125 0.0625 0.11875
4 0.3390625 0.7171875 0.065625 0.1125
4 0.565625 0.73515625 0.0703125 0.125
5 0.34375 0.3390625 0.075 0.1140625
5 0.45546875 0.334375 0.0875 0.128125
5 0.56953125 0.328125 0.078125 0.121875
11 0.74921875 0.7421875 0.071875 0.146875
12 0.41328125 0.096875 0.0765625 0.13125
0 0.56171875 0.52578125 0.06875 0.115625
2 0.7609375 0.12421875 0.04375 0.1359375
6 0.446875 0.509375 0.0671875 0.115625
8 0.60625 0.08046875 0.06875 0.13125
10 0.3328125 0.5125 0.065625 0.109375