3 0.41328125 0.63125 0.0859375 0.1296875
3 0.428125 0.42890625 0.084375 0.128125
4 0.53125 0.6375 0.090625 0.1359375
3 0.453125 0.2140625 0.0859375 0.1375
4 0.553125 0.4234375 0.0875 0.128125
4 0.571875 0.228125 0.0859375 0.134375
9 0.4359375 0.4375 0.490625 0.7421875
0 0.35 0.925 0.078125 0.121875
2 0.290625 0.6359375 0.0984375 0.1453125
12 0.34140625 0.2125 0.1015625 0.15625
7 0.41875 0.91015625 0.1046875 0.1703125
8 0.31875 0.425 0.1015625 0.153125
11 0.49453125 0.93828125 0.0921875 0.1234375