3 0.4328125 0.4640625 0.14609375 0.07734375
4 0.43828125 0.59921875 0.140625 0.08203125
4 0.19375 0.596875 0.1296875 0.0765625
5 0.44921875 0.334375 0.15703125 0.08046875
5 0.21328125 0.3390625 0.17421875 0.0859375
3 0.20390625 0.45546875 0.13125 0.075
2 0.74765625 0.3359375 0.12734375 0.084375
9 0.2921875 0.46953125 0.56953125 0.42265625
7 0.78359375 0.55 0.1421875 0.07890625
0 0.74921875 0.47890625 0.134375 0.0703125
12 0.7859375 0.7015625 0.15859375 0.08671875
5 0.03046875 0.34453125 0.06015625 0.07109375
8 0.746875 0.23984375 0.13828125 0.09921875
1 0.80625 0.625 0.13984375 0.0765625
6 0.74765625 0.40625 0.12890625 0.07265625