2 0.53984375 0.66484375 0.1265625 0.08125
0 0.79453125 0.5046875 0.1125 0.0703125
1 0.759375 0.3984375 0.1140625 0.071875
11 0.140625 0.528125 0.125 0.0734375
4 0.49765625 0.4640625 0.1125 0.075
12 0.1796875 0.71953125 0.1390625 0.0828125
3 0.5109375 0.565625 0.1109375 0.071875
8 0.35859375 0.68984375 0.128125 0.08125
10 0.1609375 0.63046875 0.115625 0.0734375
7 0.30859375 0.4984375 0.11875 0.071875
6 0.3359375 0.603125 0.1078125 0.0703125
9 0.583990696875 0.3820749953125 0.044250601562500005 0.48968663125 0.1264502171875 0.7872293390625 0.6540362140625 0.705998015625 0.583990696875 0.3820749953125