4 0.46875 0.23828125 0.05625 0.1015625
4 0.5515625 0.26875 0.059375 0.096875
4 0.378125 0.20625 0.0625 0.103125
9 0.44296875 0.37890625 0.3359375 0.5546875
5 0.51328125 0.5609375 0.06875 0.096875
5 0.3359375 0.5125 0.065625 0.1
5 0.425 0.5359375 0.075 0.1078125
0 0.359375 0.36484375 0.0640625 0.096875
10 0.53515625 0.42734375 0.059375 0.09375
6 0.44296875 0.403125 0.0546875 0.0890625
12 0.43359375 0.734375 0.0640625 0.1
8 0.2671875 0.646875 0.2703125 0.646875 0.28125 0.659375 0.2890625 0.6609375 0.2953125 0.66875 0.3046875 0.6734375 0.3046875 0.6765625 0.309375 0.6796875 0.3078125 0.690625 0.284375 0.71875 0.275 0.734375 0.26875 0.740625 0.2609375 0.7390625 0.2625 0.7375 0.259375 0.725 0.2609375 0.7234375 0.259375 0.7203125 0.2609375 0.6890625 0.2578125 0.6765625 0.259375 0.6703125 0.2578125 0.65625 0.2671875 0.6484375