4 0.6359375 0.628125 0.06015625 0.1078125
4 0.73359375 0.64140625 0.06328125 0.10390625
4 0.528125 0.61015625 0.06328125 0.1125
5 0.64765625 0.271875 0.07578125 0.11796875
5 0.75078125 0.296875 0.06484375 0.103125
5 0.54453125 0.24765625 0.0671875 0.11015625
1 0.31796875 0.503125 0.07109375 0.12578125
2 0.3734375 0.04375 0.06484375 0.0875
7 0.34296875 0.19609375 0.06875 0.128125
9 0.62265625 0.45 0.31171875 0.64296875
12 0.70234375 0.0578125 0.06796875 0.115625
8 0.528125 0.03359375 0.059375 0.06484375
0 0.54375 0.42421875 0.05859375 0.09921875
10 0.75234375 0.459375 0.0609375 0.09765625
11 0.3640625 0.521875 0.3984375 0.55625 0.3984375 0.571875 0.3953125 0.575 0.39375 0.5859375 0.3890625 0.59375 0.3796875 0.6328125 0.3734375 0.6390625 0.3546875 0.6203125 0.3515625 0.6203125 0.3515625 0.6171875 0.3328125 0.5984375 0.3328125 0.58125 0.3359375 0.5765625 0.3390625 0.5625 0.3421875 0.559375 0.34375 0.5484375 0.346875 0.5453125 0.3484375 0.53125 0.3546875 0.521875 0.3625 0.521875
6 0.65625 0.3859375 0.6609375 0.3875 0.6671875 0.39375 0.6765625 0.425 0.6765625 0.4359375 0.675 0.4453125 0.671875 0.45 0.671875 0.4578125 0.6671875 0.4625 0.6609375 0.4765625 0.65625 0.4796875 0.6390625 0.478125 0.6296875 0.4703125 0.625 0.4640625 0.625 0.45625 0.6203125 0.4484375 0.61875 0.4359375 0.6203125 0.4109375 0.625 0.4 0.6359375 0.3875 0.6546875 0.3859375