4 0.41484375 0.3421875 0.07109375 0.12265625
4 0.41640625 0.5578125 0.0703125 0.11796875
5 0.64765625 0.3359375 0.07109375 0.13828125
4 0.41953125 0.75546875 0.0671875 0.11875
5 0.64375 0.76015625 0.0703125 0.1515625
5 0.6453125 0.54453125 0.0765625 0.1609375
9 0.5296875 0.546875 0.375 0.65703125
12 0.79375 0.6359375 0.078125 0.1359375
8 0.79453125 0.27578125 0.07734375 0.1296875
0 0.5375 0.284375 0.5421875 0.2859375 0.5421875 0.2890625 0.5484375 0.29375 0.5515625 0.3015625 0.55625 0.30625 0.5609375 0.31875 0.5609375 0.328125 0.565625 0.3375 0.565625 0.346875 0.5609375 0.3734375 0.55625 0.38125 0.5515625 0.396875 0.5453125 0.403125 0.53125 0.409375 0.525 0.4078125 0.5234375 0.4046875 0.5171875 0.4015625 0.5015625 0.3703125 0.5 0.325 0.503125 0.321875 0.50625 0.309375 0.5140625 0.29375 0.521875 0.2859375 0.5359375 0.284375
6 0.546875 0.4984375 0.5515625 0.5 0.5609375 0.5140625 0.5671875 0.51875 0.571875 0.534375 0.571875 0.5734375 0.5671875 0.5890625 0.559375 0.6015625 0.553125 0.6078125 0.540625 0.6109375 0.5296875 0.6078125 0.515625 0.590625 0.515625 0.5859375 0.5109375 0.578125 0.509375 0.5671875 0.5109375 0.55625 0.509375 0.5546875 0.515625 0.51875 0.521875 0.50625 0.5296875 0.4984375 0.5359375 0.496875 0.5453125 0.4984375
10 0.5203125 0.7171875 0.5265625 0.715625 0.5296875 0.7109375 0.5515625 0.7125 0.559375 0.725 0.5609375 0.7328125 0.5640625 0.734375 0.56875 0.759375 0.56875 0.796875 0.565625 0.809375 0.5609375 0.815625 0.5609375 0.8203125 0.5515625 0.8296875 0.546875 0.8296875 0.5453125 0.8328125 0.5390625 0.834375 0.528125 0.8328125 0.5265625 0.8296875 0.5203125 0.8265625 0.5109375 0.809375 0.50625 0.771875 0.5078125 0.75625 0.5109375 0.7515625 0.5109375 0.740625 0.5203125 0.71875