2 0.77265625 0.58125 0.1328125 0.0859375
3 0.72109375 0.490625 0.121875 0.078125
4 0.6890625 0.39296875 0.121875 0.0796875
6 0.5546875 0.5421875 0.1203125 0.078125
12 0.40859375 0.6734375 0.13125 0.0875
11 0.3359375 0.484375 0.11875 0.078125
0 0.95859375 0.41328125 0.075 0.0625
8 0.59609375 0.625 0.125 0.0828125
10 0.3734375 0.58671875 0.115625 0.078125
7 0.509375 0.44140625 0.11875 0.0796875
1 0.9671875 0.2734375 0.975 0.3234375 0.9703125 0.3265625 0.965625 0.325 0.9625 0.328125 0.9453125 0.3296875 0.8828125 0.3421875 0.878125 0.3375 0.8765625 0.325 0.871875 0.321875 0.8703125 0.315625 0.86875 0.303125 0.8734375 0.2984375 0.8765625 0.2984375 0.8875 0.290625 0.9125 0.2875 0.915625 0.284375 0.93125 0.2828125 0.940625 0.278125 0.9484375 0.278125 0.965625 0.2734375
9 0.7564024609375 0.3130969828125 0.217357878125 0.455596115625 0.3635892453125 0.747850075 0.8960852546875 0.6081995921875001 0.7564024609375 0.3130969828125