4 0.440625 0.4515625 0.065625 0.115625
4 0.42734375 0.0875 0.0609375 0.1109375
4 0.43203125 0.2609375 0.0625 0.10625
5 0.64453125 0.42734375 0.0625 0.11875
9 0.53828125 0.2796875 0.3640625 0.559375
5 0.6359375 0.24296875 0.06875 0.1390625
2 0.76796875 0.7296875 0.0734375 0.115625
5 0.6234375 0.0625 0.0609375 0.121875
11 0.45234375 0.73671875 0.071875 0.128125
12 0.759375 0.14765625 0.071875 0.128125
8 0.7796875 0.4578125 0.065625 0.1109375
7 0.646875 0.721875 0.6609375 0.725 0.6625 0.728125 0.6765625 0.73125 0.6796875 0.7359375 0.6953125 0.7390625 0.696875 0.7421875 0.7015625 0.74375 0.7015625 0.771875 0.6984375 0.7765625 0.6953125 0.8015625 0.6953125 0.8234375 0.6921875 0.8359375 0.6890625 0.8375 0.68125 0.8359375 0.66875 0.828125 0.6609375 0.8265625 0.659375 0.8234375 0.64375 0.8203125 0.634375 0.8109375 0.634375 0.7875 0.6375 0.7703125 0.640625 0.765625 0.640625 0.7484375 0.6453125 0.7234375
1 0.4859375 0.759375 0.5125 0.784375 0.5171875 0.79375 0.5265625 0.8015625 0.5265625 0.81875 0.521875 0.828125 0.5171875 0.8484375 0.5109375 0.8609375 0.50625 0.88125 0.5015625 0.884375 0.49375 0.8796875 0.49375 0.8765625 0.4875 0.8734375 0.4875 0.8703125 0.475 0.8578125 0.475 0.8546875 0.46875 0.85 0.46875 0.846875 0.4625 0.8421875 0.459375 0.8359375 0.459375 0.8265625 0.465625 0.8109375 0.465625 0.803125 0.4703125 0.7953125 0.4703125 0.790625 0.4796875 0.771875 0.48125 0.7640625 0.4859375 0.7609375
0 0.55625 0.378125 0.5671875 0.3921875 0.571875 0.434375 0.5625 0.4640625 0.5515625 0.4765625 0.546875 0.478125 0.5328125 0.475 0.5203125 0.4578125 0.5203125 0.453125 0.515625 0.44375 0.515625 0.4109375 0.5265625 0.384375 0.5328125 0.378125 0.5359375 0.3765625 0.553125 0.3765625 0.5546875 0.378125
6 0.5515625 0.190625 0.5609375 0.1984375 0.5609375 0.2015625 0.5671875 0.2078125 0.5703125 0.2328125 0.565625 0.2703125 0.5546875 0.2875 0.55 0.290625 0.55 0.29375 0.5359375 0.29375 0.534375 0.290625 0.528125 0.2875 0.51875 0.2640625 0.51875 0.2515625 0.5140625 0.2375 0.5203125 0.2125 0.525 0.2078125 0.5296875 0.196875 0.534375 0.1921875 0.54375 0.1890625 0.55 0.190625
10 0.5140625 0.0015625 0.546875 0.0015625 0.55 0.0046875 0.559375 0.0484375 0.553125 0.0875 0.546875 0.1 0.540625 0.103125 0.5375 0.1078125 0.51875 0.10625 0.515625 0.0984375 0.5125 0.096875 0.5046875 0.0703125 0.5046875 0.034375 0.5078125 0.0203125 0.5140625 0.0125 0.5140625 0.003125