3 0.4953125 0.4359375 0.0796875 0.1140625
3 0.52578125 0.25390625 0.078125 0.1125
5 0.43359375 0.24921875 0.0921875 0.146875
2 0.23515625 0.7375 0.09375 0.125
5 0.39375 0.43359375 0.08125 0.128125
5 0.471875 0.06484375 0.0828125 0.1296875
0 0.3875 0.79921875 0.08125 0.1171875
9 0.53046875 0.29765625 0.4421875 0.5953125
1 0.6015625 0.45234375 0.0828125 0.125
12 0.325 0.16875 0.0875 0.1328125
11 0.66953125 0.08046875 0.078125 0.1140625
6 0.4953125 0.7953125 0.0765625 0.1140625
8 0.2625 0.47109375 0.0859375 0.1125
7 0.63984375 0.2515625 0.084375 0.1296875
10 0.56328125 0.06171875 0.078125 0.1203125