2 0.2140625 0.48984375 0.1171875 0.06875
3 0.52578125 0.584375 0.11875 0.06875
1 0.2296875 0.72578125 0.1171875 0.071875
3 0.70078125 0.57109375 0.1078125 0.0640625
5 0.69609375 0.48046875 0.14375 0.0765625
5 0.51796875 0.484375 0.128125 0.0703125
0 0.22421875 0.60859375 0.109375 0.0625
9 0.6859375 0.5796875 0.6046875 0.3765625
12 0.88671875 0.475 0.1421875 0.0734375
8 0.253125 0.41328125 0.1140625 0.0703125
4 0.51015625 0.6921875 0.1125 0.071875
11 0.89296875 0.6765625 0.1140625 0.0703125
7 0.71328125 0.6859375 0.121875 0.071875
6 0.24453125 0.54609375 0.103125 0.0609375
10 0.88828125 0.56796875 0.115625 0.0671875