9 0.440625 0.51171875 0.28359375 0.50625
3 0.35078125 0.53046875 0.0546875 0.084375
3 0.525 0.50546875 0.05 0.08828125
3 0.440625 0.52421875 0.04921875 0.084375
2 0.6875 0.77890625 0.05546875 0.10390625
5 0.35703125 0.66796875 0.0609375 0.090625
0 0.69609375 0.540625 0.05078125 0.0828125
5 0.44609375 0.66015625 0.06484375 0.09921875
5 0.534375 0.6546875 0.05546875 0.0921875
12 0.41484375 0.85859375 0.05703125 0.096875
6 0.68046875 0.390625 0.0484375 0.08125
11 0.34453125 0.37578125 0.053125 0.08515625
0 0.52578125 0.3515625 0.0515625 0.08984375
8 0.565625 0.8375 0.05 0.09609375
10 0.69453125 0.67421875 0.05 0.08203125
7 0.43203125 0.36171875 0.05078125 0.0875