9 0.521875 0.625 0.3359375 0.6078125
3 0.52890625 0.60234375 0.06328125 0.10859375
5 0.6375 0.43203125 0.07578125 0.115625
5 0.41875 0.428125 0.071875 0.11796875
3 0.4234375 0.615625 0.06640625 0.115625
5 0.525 0.42890625 0.08203125 0.1234375
3 0.63984375 0.6046875 0.06640625 0.10859375
2 0.240625 0.24375 0.04609375 0.10703125
12 0.56875 0.1921875 0.065625 0.11171875
1 0.41875 0.81796875 0.06328125 0.11953125
8 0.384375 0.18359375 0.0640625 0.12109375
11 0.64140625 0.81015625 0.0640625 0.1125
7 0.53359375 0.81640625 0.0609375 0.12109375
0 0.2296875 0.54921875 0.02578125 0.09453125
6 0.23671875 0.7421875 0.03828125 0.1
10 0.2328125 0.37578125 0.03046875 0.1