2 0.7453125 0.3546875 0.1328125 0.0734375
3 0.71640625 0.45703125 0.1125 0.0671875
4 0.70859375 0.55859375 0.121875 0.071875
0 0.96484375 0.471875 0.06875 0.05625
12 0.37109375 0.35390625 0.1296875 0.075
11 0.34453125 0.553125 0.1140625 0.06875
7 0.5234375 0.5546875 0.1125 0.06875
10 0.3578125 0.44609375 0.1109375 0.065625
8 0.55859375 0.35625 0.128125 0.071875
6 0.54140625 0.4453125 0.1046875 0.0625
1 0.95 0.58125 0.1 0.065625
9 0.862373590625 0.3003654703125 0.29817101875 0.2909118390625 0.2491632859375 0.6179600640625 0.7944072265625 0.6265483234375 0.862373590625 0.3003654703125