2 0.88046875 0.6390625 0.1265625 0.0765625
3 0.60390625 0.49140625 0.1171875 0.075
9 0.44140625 0.45859375 0.5984375 0.403125
4 0.62734375 0.39453125 0.1203125 0.078125
1 0.88359375 0.41640625 0.121875 0.075
0 0.87421875 0.52421875 0.1140625 0.071875
5 0.5984375 0.58671875 0.1265625 0.078125
12 0.2453125 0.5296875 0.1328125 0.084375
11 0.27109375 0.33828125 0.115625 0.075
6 0.43203125 0.47109375 0.1078125 0.071875
7 0.44140625 0.3640625 0.1078125 0.0734375
10 0.25390625 0.440625 0.115625 0.0765625
8 0.4234375 0.559375 0.13125 0.0796875