3 0.17109375 0.54375 0.13125 0.071875
4 0.5796875 0.43515625 0.1328125 0.08125
4 0.36640625 0.43125 0.125 0.0765625
3 0.5796875 0.55078125 0.128125 0.075
3 0.37890625 0.5515625 0.1234375 0.071875
5 0.5953125 0.66484375 0.1390625 0.078125
5 0.18203125 0.64609375 0.1453125 0.078125
5 0.38671875 0.65390625 0.15625 0.0828125
2 0.859375 0.66640625 0.1265625 0.0828125
9 0.384375 0.540625 0.69375 0.4234375
12 0.87734375 0.35625 0.146875 0.0859375
0 0.8515625 0.546875 0.1265625 0.071875
1 0.89765625 0.421875 0.1375 0.0796875
7 0.87890625 0.48359375 0.1296875 0.075
6 0.85078125 0.6078125 0.121875 0.0703125
0 0.94453125 0.59375 0.1046875 0.071875
8 0.8625 0.7515625 0.13125 0.0890625
11 0.159375 0.42578125 0.14375 0.075