7 0.925 0.4984375 0.15 0.109375
1 0.92890625 0.6171875 0.1234375 0.0796875
4 0.60234375 0.55078125 0.1265625 0.084375
2 0.6515625 0.33203125 0.1421875 0.090625
4 0.40390625 0.51171875 0.1140625 0.0796875
4 0.22421875 0.475 0.121875 0.078125
12 0.25546875 0.2671875 0.153125 0.096875
9 0.44453125 0.409375 0.66875 0.4546875
11 0.93359375 0.35625 0.1328125 0.10625
0 0.61953125 0.4390625 0.128125 0.084375
10 0.2328125 0.3640625 0.128125 0.08125
8 0.453125 0.30078125 0.1453125 0.0921875
6 0.42578125 0.3953125 0.115625 0.078125