5 0.6484375 0.73828125 0.08125 0.15
4 0.3859375 0.3671875 0.0828125 0.125
5 0.61015625 0.33984375 0.084375 0.1375
5 0.62890625 0.53828125 0.0875 0.1578125
4 0.41015625 0.575 0.0796875 0.1171875
4 0.43515625 0.76015625 0.0734375 0.121875
9 0.51953125 0.5484375 0.41875 0.653125
2 0.68125 0.021875 0.065625 0.04375
11 0.35546875 0.0671875 0.0859375 0.1171875
12 0.77578125 0.60546875 0.0859375 0.13125
8 0.740625 0.26640625 0.084375 0.128125
10 0.5484375 0.7046875 0.559375 0.7109375 0.5734375 0.7359375 0.578125 0.7515625 0.58125 0.78125 0.5765625 0.7953125 0.578125 0.7984375 0.5703125 0.809375 0.5703125 0.8125 0.5578125 0.8171875 0.55625 0.8203125 0.54375 0.81875 0.5296875 0.8046875 0.525 0.7953125 0.525 0.784375 0.521875 0.78125 0.521875 0.7703125 0.51875 0.7640625 0.5203125 0.7625 0.51875 0.753125 0.5203125 0.734375 0.525 0.7265625 0.5234375 0.721875 0.5328125 0.7078125 0.546875 0.7046875
6 0.5125 0.509375 0.5203125 0.5046875 0.5375 0.50625 0.5375 0.509375 0.546875 0.515625 0.553125 0.5234375 0.5609375 0.5484375 0.559375 0.5546875 0.5609375 0.5765625 0.5578125 0.5859375 0.559375 0.5890625 0.55625 0.5921875 0.5546875 0.6 0.5484375 0.6046875 0.5484375 0.6078125 0.5375 0.6109375 0.53125 0.6109375 0.51875 0.6046875 0.5125 0.5984375 0.503125 0.58125 0.5 0.559375 0.5015625 0.5515625 0.5 0.5421875 0.503125 0.5265625 0.5078125 0.515625 0.5125 0.5109375
0 0.5 0.3 0.5125 0.3078125 0.5125 0.3109375 0.521875 0.3203125 0.525 0.334375 0.528125 0.3359375 0.5296875 0.3421875 0.5328125 0.365625 0.5328125 0.3765625 0.5265625 0.4015625 0.5203125 0.4125 0.515625 0.4125 0.5109375 0.4171875 0.5 0.4171875 0.4984375 0.4140625 0.4921875 0.4140625 0.4859375 0.4078125 0.471875 0.3796875 0.46875 0.353125 0.471875 0.33125 0.475 0.328125 0.475 0.321875 0.4828125 0.3046875 0.4984375 0.3