5 0.6703125 0.36875 0.13515625 0.065625
5 0.27734375 0.36875 0.13984375 0.06875
5 0.47265625 0.36796875 0.146875 0.06953125
3 0.28984375 0.4734375 0.11953125 0.06171875
9 0.4734375 0.4765625 0.60859375 0.34453125
6 0.48125 0.4625 0.1125 0.0609375
1 0.2859375 0.58359375 0.1171875 0.0625
10 0.678125 0.4625 0.11484375 0.06015625
12 0.546875 0.23515625 0.11640625 0.06953125
11 0.678125 0.57265625 0.12421875 0.0609375
7 0.49296875 0.57890625 0.11328125 0.06171875
8 0.2171875 0.23515625 0.11953125 0.06953125