5 0.16328125 0.64765625 0.1859375 0.103125
5 0.42421875 0.6265625 0.2015625 0.115625
5 0.68515625 0.6078125 0.184375 0.10625
9 0.43203125 0.48984375 0.8640625 0.5609375
0 0.665625 0.46796875 0.165625 0.0984375
12 0.32109375 0.81171875 0.1765625 0.115625
11 0.13984375 0.36953125 0.178125 0.10625
1 0.67109375 0.31484375 0.1609375 0.103125
6 0.40703125 0.50078125 0.15 0.09375
7 0.39296875 0.3421875 0.1578125 0.10625
10 0.14375 0.51875 0.165625 0.0984375
8 0.8234375 0.73125 0.834375 0.74375 0.8375 0.7546875 0.8359375 0.759375 0.8328125 0.7609375 0.8328125 0.7671875 0.828125 0.7703125 0.8265625 0.775 0.828125 0.7765625 0.8125 0.8 0.8109375 0.8078125 0.8078125 0.809375 0.80625 0.8203125 0.7953125 0.8328125 0.790625 0.834375 0.78125 0.834375 0.7609375 0.825 0.75 0.8140625 0.746875 0.8140625 0.7421875 0.809375 0.734375 0.8078125 0.725 0.8 0.7203125 0.8 0.7171875 0.7953125 0.7125 0.7953125 0.7015625 0.7875 0.6984375 0.7875 0.6859375 0.7765625 0.684375 0.7640625 0.7 0.75625 0.71875 0.7546875 0.7265625 0.75 0.74375 0.7484375 0.746875 0.7453125 0.7546875 0.7453125 0.759375 0.7421875 0.7796875 0.740625 0.7875 0.7359375 0.821875 0.7328125