9 0.4875 0.55390625 0.59765625 0.34296875
5 0.68984375 0.45234375 0.1328125 0.0640625
5 0.30234375 0.44375 0.1328125 0.0671875
5 0.49609375 0.446875 0.14140625 0.0703125
3 0.30859375 0.54921875 0.11328125 0.06328125
12 0.578125 0.3171875 0.1203125 0.065625
8 0.2515625 0.30703125 0.11484375 0.06484375
1 0.29375 0.66171875 0.115625 0.06484375
10 0.69375 0.5484375 0.115625 0.06015625
6 0.4953125 0.54453125 0.12421875 0.0671875
11 0.68671875 0.6609375 0.1078125 0.06015625
7 0.4984375 0.6625 0.109375 0.0640625