3 0.5640625 0.478125 0.121875 0.0796875
0 0.55 0.303125 0.1109375 0.0765625
4 0.37109375 0.453125 0.1265625 0.08125
2 0.7578125 0.49609375 0.134375 0.0875
1 0.3359375 0.2859375 0.115625 0.0796875
12 0.73203125 0.7109375 0.13125 0.09375
11 0.3671875 0.671875 0.11875 0.0859375
10 0.56171875 0.69296875 0.1203125 0.0796875
7 0.36796875 0.56875 0.11875 0.0796875
8 0.74296875 0.60390625 0.13125 0.0875
6 0.575 0.5875 0.1125 0.071875
9 0.8547610671875001 0.43953711249999994 0.2497550953125 0.3771700234375 0.25573455 0.713363975 0.8321608265625 0.7655481296875 0.8547610671875001 0.43953711249999994