4 0.5921875 0.346875 0.11640625 0.06953125
4 0.59921875 0.57578125 0.125 0.06875
4 0.596875 0.4578125 0.12109375 0.06484375
9 0.396875 0.459375 0.65 0.35625
1 0.60546875 0.75078125 0.10703125 0.06015625
0 0.396875 0.57421875 0.11796875 0.06875
2 0.18984375 0.5828125 0.12890625 0.07734375
11 0.1484375 0.7375 0.14140625 0.0828125
12 0.18828125 0.340625 0.134375 0.084375
10 0.3796875 0.33671875 0.11796875 0.0703125
8 0.190625 0.4640625 0.13046875 0.08046875
6 0.37734375 0.4609375 0.11328125 0.06484375
7 0.4015625 0.74140625 0.13984375 0.0796875