9 0.3828125 0.45078125 0.43125 0.6203125
3 0.34375 0.2921875 0.0796875 0.115625
3 0.3734375 0.46015625 0.075 0.1078125
5 0.246875 0.29921875 0.08125 0.125
5 0.28671875 0.47265625 0.0875 0.134375
3 0.4109375 0.6328125 0.0734375 0.1078125
5 0.32421875 0.63984375 0.08125 0.128125
1 0.43984375 0.275 0.0796875 0.1171875
7 0.4765625 0.4578125 0.075 0.1109375
12 0.18359375 0.5578125 0.090625 0.1234375
11 0.50546875 0.6171875 0.0796875 0.1203125
8 0.13125 0.2140625 0.1375 0.2171875 0.1421875 0.2359375 0.140625 0.240625 0.14375 0.2578125 0.1421875 0.2703125 0.146875 0.2921875 0.1453125 0.3125 0.1390625 0.3140625 0.1296875 0.3125 0.11875 0.2984375 0.0875 0.26875 0.08125 0.25625 0.0859375 0.240625 0.0953125 0.23125 0.1 0.23125 0.1015625 0.2265625 0.1109375 0.21875 0.1140625 0.21875 0.115625 0.215625 0.1296875 0.2140625