9 0.48359375 0.66171875 0.29375 0.52109375
4 0.5703125 0.821875 0.05234375 0.096875
4 0.57265625 0.6640625 0.05390625 0.090625
5 0.39296875 0.4890625 0.05234375 0.10625
4 0.5734375 0.49453125 0.0546875 0.0984375
2 0.30859375 0.21484375 0.059375 0.09921875
5 0.39453125 0.653125 0.059375 0.1234375
5 0.39296875 0.82109375 0.05390625 0.11953125
7 0.3921875 0.18359375 0.0609375 0.11015625
1 0.5421875 0.1703125 0.0625 0.1140625
12 0.2796875 0.72109375 0.0609375 0.1140625
11 0.57265625 0.24765625 0.05859375 0.11015625
10 0.47578125 0.83046875 0.05625 0.10546875
0 0.48203125 0.49765625 0.0515625 0.09453125
8 0.28125 0.4421875 0.05390625 0.09296875
6 0.4734375 0.6578125 0.05078125 0.090625