4 0.5828125 0.5984375 0.065625 0.1
4 0.49453125 0.6015625 0.065625 0.1046875
4 0.39609375 0.6015625 0.071875 0.109375
5 0.62109375 0.290625 0.0765625 0.1046875
9 0.50546875 0.44609375 0.3734375 0.5765625
5 0.52734375 0.28203125 0.0859375 0.1171875
5 0.4328125 0.271875 0.075 0.10625
12 0.5859375 0.08359375 0.0734375 0.1171875
2 0.29140625 0.0984375 0.0578125 0.125
0 0.41875 0.384375 0.4234375 0.384375 0.428125 0.3890625 0.434375 0.390625 0.434375 0.3953125 0.4390625 0.3984375 0.4375 0.4015625 0.4421875 0.40625 0.4453125 0.4328125 0.44375 0.4453125 0.4390625 0.45 0.4328125 0.4640625 0.428125 0.4671875 0.428125 0.4703125 0.4234375 0.475 0.40625 0.4765625 0.4 0.471875 0.390625 0.4546875 0.3875 0.4359375 0.3890625 0.4203125 0.4 0.4 0.409375 0.3890625 0.41875 0.3859375
6 0.5109375 0.378125 0.525 0.3796875 0.5328125 0.3875 0.5328125 0.390625 0.5375 0.3953125 0.5359375 0.403125 0.5390625 0.4171875 0.534375 0.440625 0.521875 0.4640625 0.515625 0.465625 0.5140625 0.46875 0.5078125 0.46875 0.49375 0.4609375 0.49375 0.4578125 0.4875 0.453125 0.484375 0.428125 0.4859375 0.415625 0.49375 0.4015625 0.4953125 0.39375 0.5 0.390625 0.5 0.3875 0.50625 0.38125 0.5109375 0.3796875
10 0.5875 0.4671875 0.5828125 0.459375 0.584375 0.4546875 0.58125 0.446875 0.584375 0.4140625 0.596875 0.396875 0.603125 0.390625 0.609375 0.3890625 0.621875 0.390625 0.63125 0.4015625 0.6296875 0.403125 0.6359375 0.4203125 0.6328125 0.446875 0.6234375 0.465625 0.6125 0.4734375 0.5984375 0.475 0.5890625 0.4671875