3 0.62109375 0.4984375 0.08828125 0.04765625
3 0.4796875 0.5 0.0828125 0.0453125
4 0.48203125 0.4140625 0.0796875 0.04765625
9 0.4859375 0.49609375 0.453125 0.25703125
4 0.634375 0.41640625 0.08671875 0.05
2 0.80390625 0.578125 0.0828125 0.05234375
5 0.33046875 0.56875 0.103125 0.0484375
5 0.478125 0.57265625 0.1078125 0.05234375
5 0.62578125 0.57734375 0.09765625 0.05
12 0.84453125 0.35859375 0.09921875 0.05
0 0.81015625 0.49296875 0.084375 0.04296875
1 0.85703125 0.40625 0.0859375 0.04609375
10 0.32734375 0.496875 0.09296875 0.04921875
8 0.8 0.6359375 0.08671875 0.053125
11 0.3359375 0.41171875 0.08359375 0.046875
6 0.80859375 0.5359375 0.08125 0.04453125
7 0.83515625 0.45 0.090625 0.04765625