4 0.56953125 0.43984375 0.0640625 0.1140625
5 0.3578125 0.44296875 0.065625 0.12265625
4 0.56953125 0.81796875 0.0609375 0.11328125
4 0.5703125 0.63828125 0.06328125 0.10625
5 0.3609375 0.6328125 0.06796875 0.14453125
5 0.36484375 0.8296875 0.0640625 0.1375
2 0.2484375 0.1171875 0.07109375 0.121875
9 0.46484375 0.63359375 0.3375 0.6015625
1 0.52578125 0.06484375 0.07265625 0.128125
0 0.46328125 0.44765625 0.0625 0.109375
12 0.22734375 0.721875 0.07109375 0.12265625
6 0.45703125 0.63828125 0.06171875 0.1078125
11 0.5640625 0.1484375 0.0703125 0.1328125
10 0.4640625 0.83828125 0.06328125 0.11640625
7 0.3484375 0.07890625 0.0734375 0.13671875
8 0.2234375 0.39375 0.065625 0.1125