3 0.3640625 0.425 0.1375 0.0953125
4 0.32734375 0.53046875 0.1328125 0.0953125
3 0.5515625 0.46875 0.1234375 0.0890625
4 0.52890625 0.5796875 0.1203125 0.0875
9 0.54453125 0.475 0.6828125 0.49375
5 0.7625 0.4234375 0.153125 0.1
5 0.38046875 0.31796875 0.14375 0.1
5 0.571875 0.37265625 0.1625 0.1078125
12 0.05390625 0.540625 0.1078125 0.1
2 0.1390625 0.2578125 0.1296875 0.096875
1 0.05078125 0.47890625 0.1015625 0.0890625
7 0.06796875 0.421875 0.1359375 0.09375
0 0.11015625 0.371875 0.128125 0.0875
10 0.746875 0.51953125 0.1359375 0.0953125
11 0.7171875 0.62890625 0.1375 0.0921875
8 0.1578125 0.1828125 0.1375 0.10625
6 0.125 0.315625 0.1234375 0.0859375