4 0.45546875 0.5265625 0.1234375 0.0875
4 0.64921875 0.575 0.1171875 0.084375
2 0.07578125 0.66171875 0.13125 0.0984375
5 0.57890625 0.76875 0.1515625 0.0953125
3 0.4328125 0.6328125 0.125 0.0859375
5 0.39140625 0.72890625 0.1359375 0.090625
3 0.6109375 0.6796875 0.1171875 0.08125
1 0.1734375 0.43046875 0.1296875 0.0875
9 0.60546875 0.6671875 0.665625 0.4625
0 0.12890625 0.54453125 0.1203125 0.084375
7 0.07421875 0.475 0.134375 0.09375
12 0.7734375 0.815625 0.153125 0.1
11 0.8328125 0.6234375 0.1359375 0.0859375
8 0.09140625 0.74375 0.128125 0.0984375
6 0.12578125 0.60859375 0.1171875 0.084375
10 0.8 0.72578125 0.1265625 0.0890625