3 0.44921875 0.3875 0.0875 0.125
5 0.35859375 0.33828125 0.090625 0.134375
3 0.38984375 0.559375 0.0875 0.1203125
5 0.30703125 0.51953125 0.1 0.1515625
9 0.40703125 0.55859375 0.4921875 0.6921875
5 0.25625 0.69765625 0.09375 0.1453125
0 0.5234375 0.03515625 0.078125 0.0703125
12 0.17578125 0.53984375 0.0984375 0.1328125
1 0.54765625 0.43046875 0.0875 0.125
8 0.25546875 0.23828125 0.1015625 0.125
6 0.621875 0.0734375 0.0859375 0.1203125
11 0.43125 0.78515625 0.09375 0.140625
7 0.4875 0.61640625 0.0890625 0.128125
2 0.35703125 0.02734375 0.1015625 0.0546875
10 0.33515625 0.7421875 0.0859375 0.1234375