3 0.4203125 0.53515625 0.11484375 0.0625
4 0.44609375 0.428125 0.115625 0.06640625
3 0.23828125 0.5296875 0.10703125 0.06171875
4 0.24921875 0.41796875 0.10703125 0.06484375
9 0.2765625 0.5203125 0.55 0.36484375
5 0.2296875 0.621875 0.14140625 0.0703125
5 0.41640625 0.63828125 0.121875 0.0640625
2 0.72890625 0.66640625 0.11875 0.06875
1 0.73984375 0.41875 0.12578125 0.06796875
0 0.72734375 0.53984375 0.10390625 0.05703125
10 0.05078125 0.5171875 0.1015625 0.065625
12 0.0546875 0.61328125 0.1046875 0.0703125
7 0.80703125 0.48984375 0.109375 0.06328125
6 0.7 0.60234375 0.1046875 0.06015625
8 0.67734375 0.7390625 0.11953125 0.07265625
11 0.0609375 0.4078125 0.11796875 0.0625