3 0.53359375 0.6390625 0.078125 0.1109375
3 0.50234375 0.475 0.0765625 0.10625
5 0.58828125 0.4625 0.0921875 0.1390625
3 0.465625 0.30546875 0.0765625 0.1140625
5 0.55 0.2984375 0.08125 0.1234375
9 0.49296875 0.478125 0.4359375 0.6171875
5 0.6265625 0.62734375 0.0828125 0.125
2 0.7828125 0.89765625 0.0859375 0.1046875
1 0.434375 0.6546875 0.08125 0.115625
0 0.6328125 0.94609375 0.06875 0.0796875
12 0.6890625 0.38046875 0.0859375 0.1171875
6 0.53671875 0.95234375 0.0734375 0.0953125
11 0.36796875 0.3203125 0.0796875 0.11875
7 0.39921875 0.48125 0.08125 0.1125
10 0.71796875 0.9234375 0.0703125 0.084375
2 0.7546875 0.66171875 0.0828125 0.109375