3 0.5578125 0.6265625 0.0875 0.1265625
3 0.31875 0.63125 0.0890625 0.125
4 0.5890625 0.42109375 0.0921875 0.134375
4 0.46640625 0.41796875 0.0875 0.134375
4 0.3515625 0.4234375 0.0890625 0.1296875
3 0.440625 0.6375 0.0859375 0.1265625
0 0.721875 0.684375 0.08125 0.1171875
2 0.53671875 0.83828125 0.1015625 0.15
7 0.72734375 0.5703125 0.115625 0.1609375
9 0.44921875 0.61953125 0.4984375 0.746875
12 0.29296875 0.825 0.10625 0.15625
11 0.7671875 0.425 0.0921875 0.1421875
8 0.4171875 0.82890625 0.1 0.1453125