4 0.3828125 0.44296875 0.0984375 0.071875
4 0.5265625 0.39453125 0.0890625 0.0671875
3 0.3515625 0.365625 0.0921875 0.065625
3 0.484375 0.31640625 0.0890625 0.0640625
9 0.48046875 0.325 0.5390625 0.3890625
5 0.3140625 0.29765625 0.1078125 0.075
5 0.5953125 0.203125 0.1109375 0.0765625
5 0.45078125 0.25234375 0.1140625 0.08125
2 0.14140625 0.36015625 0.103125 0.0734375
1 0.1875 0.525 0.10625 0.071875
12 0.2140625 0.559375 0.109375 0.0734375
0 0.18203125 0.4375 0.0921875 0.0640625
8 0.11328125 0.3078125 0.0984375 0.0765625
7 0.18046875 0.48046875 0.0953125 0.065625
10 0.62890625 0.26640625 0.0984375 0.071875
11 0.66171875 0.3453125 0.0984375 0.0703125
6 0.16015625 0.396875 0.0875 0.0625