5 0.86015625 0.24921875 0.1796875 0.096875
5 0.621875 0.21328125 0.1953125 0.1046875
5 0.3765625 0.17734375 0.1734375 0.096875
9 0.58671875 0.340625 0.815625 0.5140625
1 0.33984375 0.44296875 0.1515625 0.0953125
11 0.840625 0.49921875 0.1671875 0.0953125
0 0.36640625 0.3046875 0.1515625 0.0953125
7 0.60546875 0.475 0.146875 0.0921875
12 0.73828125 0.07421875 0.1609375 0.1078125
10 0.86328125 0.3640625 0.1515625 0.0921875
8 0.33125 0.03203125 0.15 0.0640625
6 0.6171875 0.32734375 0.140625 0.0921875