1 0.11328125 0.6140625 0.1234375 0.0765625
0 0.3203125 0.63828125 0.1046875 0.06875
11 0.16484375 0.24609375 0.115625 0.0765625
12 0.52265625 0.28515625 0.115625 0.0859375
2 0.53203125 0.66640625 0.115625 0.0734375
5 0.52265625 0.39140625 0.1296875 0.0890625
7 0.159375 0.34765625 0.115625 0.0765625
3 0.36015625 0.3734375 0.1125 0.0703125
3 0.346875 0.471875 0.115625 0.0734375
4 0.1578125 0.459375 0.128125 0.0765625
5 0.5234375 0.49453125 0.121875 0.0796875
8 0.43046875 0.6375 0.1015625 0.0671875
8 0.66640625 0.65703125 0.121875 0.0765625
10 0.359375 0.26796875 0.1109375 0.075
9 0.0370470734375 0.5125993796875 0.6413225515625001 0.5561531265624999 0.62158715625 0.24682901249999997 0.0707655625 0.18852903906250001 0.0370470734375 0.5125993796875