3 0.32890625 0.39453125 0.09375 0.0640625
3 0.1859375 0.371875 0.090625 0.0609375
4 0.34296875 0.47890625 0.103125 0.071875
4 0.190625 0.4609375 0.1 0.0703125
5 0.1875 0.2984375 0.1125 0.075
5 0.3328125 0.3171875 0.1015625 0.06875
9 0.24296875 0.38984375 0.4859375 0.3921875
5 0.06171875 0.28984375 0.05625 0.0515625
12 0.53828125 0.56015625 0.0953125 0.065625
2 0.50859375 0.3359375 0.08125 0.059375
1 0.55703125 0.51796875 0.0875 0.059375
8 0.50390625 0.278125 0.09375 0.06875
7 0.53828125 0.4734375 0.1 0.0703125
11 0.0484375 0.44296875 0.096875 0.0671875
10 0.04921875 0.35546875 0.0625 0.059375
0 0.51640625 0.428125 0.084375 0.05625
6 0.51171875 0.38359375 0.08125 0.0578125