3 0.48203125 0.43828125 0.059375 0.10390625
3 0.47421875 0.25390625 0.05859375 0.10234375
5 0.3828125 0.26875 0.065625 0.13671875
2 0.290625 0.7875 0.07265625 0.11171875
5 0.38203125 0.45703125 0.05859375 0.11796875
5 0.38203125 0.08046875 0.05859375 0.1203125
0 0.45234375 0.81640625 0.06015625 0.10703125
9 0.4859375 0.28359375 0.33203125 0.5640625
1 0.5890625 0.43203125 0.0609375 0.1140625
12 0.26015625 0.2125 0.0640625 0.12265625
11 0.57890625 0.0546875 0.05703125 0.10390625
6 0.55703125 0.78984375 0.05625 0.10390625
8 0.26171875 0.52109375 0.0671875 0.10078125
7 0.58515625 0.228125 0.0609375 0.1203125
10 0.47109375 0.0578125 0.05703125 0.1109375