3 0.50078125 0.35703125 0.05625 0.1
3 0.49140625 0.5234375 0.0546875 0.0953125
5 0.40546875 0.51484375 0.06328125 0.12734375
3 0.48671875 0.696875 0.053125 0.10390625
5 0.40234375 0.68359375 0.05546875 0.11328125
9 0.5015625 0.52265625 0.309375 0.559375
5 0.4078125 0.34609375 0.05703125 0.11484375
2 0.321875 0.04609375 0.065625 0.0921875
1 0.60078125 0.365625 0.0578125 0.1046875
0 0.47890625 0.03515625 0.053125 0.06875
12 0.2875 0.5703125 0.06171875 0.10546875
6 0.57421875 0.04765625 0.05234375 0.09453125
11 0.584375 0.70625 0.05546875 0.10859375
7 0.59296875 0.5421875 0.0578125 0.1015625
10 0.390625 0.03671875 0.05390625 0.0734375
2 0.2921875 0.28125 0.06015625 0.0984375