3 0.2671875 0.553125 0.159375 0.0859375
3 0.04453125 0.5609375 0.0828125 0.0828125
4 0.0375 0.403125 0.071875 0.08515625
5 0.2828125 0.6984375 0.1765625 0.090625
4 0.27890625 0.40234375 0.1546875 0.08984375
5 0.0609375 0.69296875 0.11640625 0.09375
0 0.62265625 0.53828125 0.14296875 0.0796875
2 0.6140625 0.69609375 0.13515625 0.0984375
12 0.6640625 0.28828125 0.171875 0.096875
2 0.68671875 0.375 0.15234375 0.0859375
9 0.21796875 0.5453125 0.42578125 0.47421875
0 0.61796875 0.61796875 0.1421875 0.0796875
8 0.61328125 0.80390625 0.1484375 0.11015625
8 0.6578125 0.45703125 0.1546875 0.0875