3 0.72578125 0.56015625 0.08125 0.125
3 0.61484375 0.56796875 0.0796875 0.1203125
4 0.58203125 0.365625 0.0796875 0.1265625
4 0.69921875 0.3453125 0.0734375 0.1203125
0 0.45390625 0.6578125 0.071875 0.11875
9 0.6671875 0.5609375 0.3265625 0.6890625
7 0.44765625 0.54375 0.0953125 0.1484375
6 0.40546875 0.74375 0.078125 0.1203125
0 0.38125 0.64140625 0.078125 0.121875
8 0.75546875 0.75546875 0.096875 0.1375
2 0.6640625 0.7125 0.671875 0.7234375 0.6734375 0.7515625 0.6703125 0.7546875 0.671875 0.7609375 0.66875 0.7703125 0.66875 0.7875 0.665625 0.7953125 0.6671875 0.803125 0.6640625 0.8078125 0.6640625 0.825 0.6609375 0.83125 0.659375 0.8453125 0.653125 0.8421875 0.65 0.834375 0.640625 0.825 0.6390625 0.8171875 0.63125 0.8078125 0.6015625 0.7484375 0.5984375 0.7328125 0.603125 0.73125 0.6046875 0.7265625 0.6125 0.7265625 0.6171875 0.7234375 0.628125 0.7234375 0.63125 0.7203125 0.6375 0.7203125 0.6421875 0.715625 0.6625 0.7125
1 0.34375 0.4171875 0.3578125 0.4265625 0.3625 0.4328125 0.365625 0.4328125 0.3734375 0.44375 0.3796875 0.446875 0.3875 0.45625 0.3921875 0.4578125 0.3953125 0.465625 0.39375 0.4859375 0.390625 0.4890625 0.3921875 0.496875 0.3875 0.5046875 0.3859375 0.5171875 0.38125 0.528125 0.3828125 0.5359375 0.378125 0.540625 0.378125 0.5484375 0.375 0.553125 0.3703125 0.553125 0.3578125 0.5453125 0.3390625 0.525 0.328125 0.5171875 0.3265625 0.5125 0.321875 0.5109375 0.3203125 0.4984375 0.325 0.4890625 0.3234375 0.4859375 0.328125 0.4765625 0.328125 0.4703125 0.33125 0.4671875 0.33125 0.4578125 0.334375 0.453125 0.334375 0.446875 0.34375 0.41875
11 0.4046875 0.3359375 0.409375 0.3359375 0.4125 0.34375 0.415625 0.3453125 0.41875 0.35625 0.425 0.365625 0.425 0.3734375 0.43125 0.3828125 0.43125 0.3890625 0.4359375 0.3953125 0.44375 0.415625 0.440625 0.428125 0.434375 0.4328125 0.4328125 0.4375 0.4265625 0.44375 0.4203125 0.446875 0.415625 0.45625 0.4015625 0.465625 0.3984375 0.465625 0.39375 0.4609375 0.3890625 0.4453125 0.3859375 0.44375 0.384375 0.4328125 0.3796875 0.4265625 0.3796875 0.4203125 0.365625 0.3921875 0.365625 0.3796875 0.3765625 0.365625 0.4046875 0.3375