3 0.3859375 0.53125 0.1296875 0.0890625
4 0.35703125 0.425 0.1328125 0.0921875
0 0.075 0.584375 0.1296875 0.084375
2 0.0875 0.7109375 0.1125 0.0875
9 0.565625 0.48828125 0.6796875 0.4734375
5 0.3921875 0.63984375 0.1453125 0.0953125
12 0.78671875 0.55546875 0.1515625 0.096875
1 0.065625 0.46171875 0.13125 0.0890625
11 0.75546875 0.34296875 0.1265625 0.0859375
7 0.56484375 0.3828125 0.1296875 0.0875
10 0.7703125 0.45859375 0.1265625 0.0875
6 0.578125 0.5015625 0.1171875 0.08125
8 0.58984375 0.5984375 0.15 0.1