4 0.40390625 0.61640625 0.04921875 0.09296875
4 0.57734375 0.6546875 0.05546875 0.1046875
4 0.48515625 0.63359375 0.04921875 0.0984375
3 0.4921875 0.46328125 0.05078125 0.08828125
3 0.4046875 0.45625 0.05078125 0.0875
3 0.5796875 0.4859375 0.0546875 0.0984375
5 0.5890625 0.32265625 0.0625 0.103125
5 0.496875 0.31953125 0.06640625 0.1078125
5 0.41171875 0.31640625 0.059375 0.096875
9 0.5015625 0.49140625 0.284375 0.54765625
5 0.58671875 0.290625 0.0296875 0.0421875
5 0.50078125 0.31796875 0.228125 0.1140625