3 0.6609375 0.58984375 0.1421875 0.09375
5 0.26640625 0.4109375 0.1578125 0.09375
5 0.47578125 0.44453125 0.16875 0.103125
5 0.68828125 0.4765625 0.1578125 0.0984375
9 0.47265625 0.5578125 0.728125 0.5015625
1 0.65703125 0.7140625 0.140625 0.096875
11 0.22578125 0.634375 0.1453125 0.0953125
10 0.24296875 0.5125 0.146875 0.0953125
12 0.40625 0.2875 0.15 0.1
7 0.43125 0.67421875 0.13125 0.09375
6 0.45390625 0.5453125 0.125 0.084375
8 0.7875 0.3078125 0.7921875 0.309375 0.7953125 0.315625 0.7984375 0.3171875 0.7984375 0.3234375 0.803125 0.3265625 0.8078125 0.3421875 0.8125 0.3484375 0.8140625 0.353125 0.8125 0.3546875 0.8171875 0.359375 0.815625 0.3765625 0.8109375 0.38125 0.809375 0.3796875 0.8046875 0.3828125 0.796875 0.38125 0.7859375 0.375 0.778125 0.375 0.7765625 0.371875 0.7546875 0.36875 0.753125 0.365625 0.746875 0.365625 0.7375 0.359375 0.715625 0.35625 0.7015625 0.35 0.6984375 0.3453125 0.703125 0.3359375 0.7125 0.3328125 0.7171875 0.328125 0.7203125 0.3296875 0.725 0.325 0.7265625 0.3265625 0.7390625 0.31875 0.7484375 0.3171875 0.7578125 0.309375 0.7640625 0.309375 0.7671875 0.30625 0.784375 0.30625 0.7859375 0.3078125