9 0.24375 0.55390625 0.475 0.4890625
3 0.3125 0.5578125 0.1609375 0.0875
3 0.06171875 0.57109375 0.11640625 0.08671875
4 0.0515625 0.4046875 0.09921875 0.0875
5 0.32734375 0.7125 0.1765625 0.09296875
5 0.07734375 0.709375 0.1515625 0.09609375
4 0.32109375 0.40234375 0.159375 0.0921875
12 0.7203125 0.28203125 0.18125 0.10234375
0 0.68125 0.53984375 0.15 0.08203125
1 0.74609375 0.36953125 0.16171875 0.090625
2 0.68125 0.70390625 0.1421875 0.0984375
7 0.71953125 0.4546875 0.1609375 0.0890625
6 0.6796875 0.62265625 0.14765625 0.08203125
8 0.6828125 0.81484375 0.1546875 0.11328125