5 0.1984375 0.65859375 0.20625 0.1046875
5 0.475 0.67734375 0.1890625 0.1
9 0.32265625 0.51484375 0.6453125 0.5171875
6 0.18828125 0.51953125 0.175 0.09375
0 0.46171875 0.521875 0.159375 0.0921875
12 0.08515625 0.84140625 0.1703125 0.1109375
1 0.475 0.3578125 0.1734375 0.0953125
2 0.92890625 0.86875 0.1109375 0.115625
4 0.0125 0.61328125 0.025 0.0296875
8 0.584375 0.8375 0.5859375 0.8390625 0.6046875 0.834375 0.621875 0.834375 0.625 0.8375 0.6234375 0.8546875 0.621875 0.8609375 0.6171875 0.8640625 0.6140625 0.875 0.6046875 0.8859375 0.6015625 0.896875 0.5953125 0.9015625 0.5953125 0.9046875 0.584375 0.915625 0.575 0.934375 0.56875 0.940625 0.559375 0.9453125 0.546875 0.94375 0.534375 0.9359375 0.5328125 0.9328125 0.5296875 0.9328125 0.51875 0.9203125 0.5109375 0.915625 0.4953125 0.9 0.4703125 0.88125 0.4625 0.878125 0.459375 0.871875 0.45625 0.8703125 0.45625 0.8640625 0.4609375 0.8609375 0.4625 0.85625 0.4671875 0.8546875 0.4703125 0.8484375 0.4859375 0.84375 0.5828125 0.8375
7 0.115625 0.303125 0.1171875 0.3046875 0.11875 0.303125 0.1453125 0.303125 0.146875 0.3046875 0.190625 0.3046875 0.2 0.3078125 0.2359375 0.3078125 0.2390625 0.3109375 0.25 0.3125 0.2640625 0.31875 0.265625 0.325 0.2703125 0.328125 0.2703125 0.3375 0.2671875 0.3390625 0.2671875 0.34375 0.2703125 0.3453125 0.271875 0.35 0.2703125 0.3546875 0.271875 0.3625 0.26875 0.36875 0.2703125 0.3703125 0.26875 0.3890625 0.2625 0.3953125 0.2453125 0.3953125 0.2359375 0.3984375 0.2265625 0.3953125 0.1890625 0.3953125 0.1859375 0.3921875 0.184375 0.39375 0.175 0.3921875 0.1546875 0.39375 0.146875 0.3921875 0.14375 0.3890625 0.1296875 0.3890625 0.1046875 0.3828125 0.1015625 0.3765625 0.103125 0.321875 0.1078125 0.30625 0.1140625 0.303125