3 0.59765625 0.47578125 0.10546875 0.05703125
3 0.7703125 0.475 0.1140625 0.059375
4 0.78828125 0.37421875 0.1078125 0.0609375
9 0.609375 0.46796875 0.553125 0.309375
5 0.41484375 0.55625 0.12109375 0.05625
4 0.5984375 0.3734375 0.0984375 0.05859375
5 0.7734375 0.56953125 0.12109375 0.0609375
5 0.59453125 0.56328125 0.13125 0.0625
10 0.41328125 0.47265625 0.1109375 0.059375
0 0.9734375 0.4671875 0.053125 0.053125
11 0.425 0.37109375 0.096875 0.0546875
6 0.9734375 0.51953125 0.053125 0.053125
2 0.9703125 0.56796875 0.059375 0.0453125