2 0.92890625 0.58203125 0.1265625 0.075
3 0.5875 0.50859375 0.11875 0.0703125
5 0.43046875 0.6234375 0.1390625 0.0765625
5 0.60859375 0.6078125 0.1296875 0.0765625
1 0.8625 0.346875 0.11875 0.0703125
9 0.425 0.521875 0.59375 0.38125
8 0.8953125 0.66171875 0.1234375 0.084375
12 0.24296875 0.6421875 0.1390625 0.0765625
0 0.890625 0.46328125 0.1109375 0.0640625
7 0.38671875 0.42890625 0.1140625 0.0671875
4 0.5828125 0.40390625 0.1109375 0.0703125
11 0.209375 0.44921875 0.1 0.0640625
0 0.23203125 0.553125 0.115625 0.06875
6 0.40546875 0.5375 0.10625 0.065625
11 0.26171875 0.4453125 0.034375 0.0546875