9 0.43125 0.48984375 0.809375 0.5640625
5 0.634375 0.31875 0.16875 0.1046875
5 0.40546875 0.36328125 0.1875 0.11875
5 0.17109375 0.409375 0.178125 0.1109375
0 0.209375 0.53359375 0.1640625 0.10625
11 0.71484375 0.553125 0.1421875 0.096875
1 0.23828125 0.66875 0.1515625 0.1046875
12 0.45859375 0.1921875 0.1640625 0.1140625
10 0.67421875 0.4265625 0.1515625 0.1
6 0.44140625 0.47421875 0.1375 0.09375
7 0.48671875 0.61015625 0.1421875 0.1
8 0.040625 0.2265625 0.046875 0.228125 0.0484375 0.23125 0.0515625 0.2296875 0.0640625 0.2375 0.0671875 0.2359375 0.071875 0.240625 0.0875 0.24375 0.0890625 0.246875 0.09375 0.246875 0.096875 0.25 0.1 0.2484375 0.1234375 0.2578125 0.1296875 0.2640625 0.13125 0.275 0.121875 0.28125 0.1109375 0.2828125 0.0953125 0.2921875 0.0703125 0.296875 0.059375 0.3015625 0.0578125 0.3046875 0.0453125 0.30625 0.0375 0.3109375 0.03125 0.3109375 0.015625 0.3171875 0.0078125 0.3171875 0 0.3125 0 0.2640625 0.003125 0.2609375 0.0015625 0.259375 0.0046875 0.253125 0.003125 0.25 0.00625 0.2484375 0.00625 0.2390625 0.015625 0.228125 0.0296875 0.225 0.0390625 0.2265625