3 0.46328125 0.47890625 0.1171875 0.06484375
3 0.66640625 0.48984375 0.128125 0.06875
5 0.68203125 0.37265625 0.14453125 0.07421875
4 0.4484375 0.60390625 0.1109375 0.06953125
4 0.67109375 0.6125 0.12578125 0.0734375
5 0.47578125 0.3734375 0.15625 0.07578125
9 0.471875 0.49375 0.6515625 0.37890625
0 0.94375 0.51015625 0.1125 0.0640625
12 0.95234375 0.7125 0.0953125 0.08125
11 0.24609375 0.59765625 0.134375 0.06875
2 0.9453125 0.38046875 0.109375 0.0703125
6 0.9453125 0.44375 0.109375 0.0671875
1 0.965625 0.640625 0.06875 0.0640625
10 0.2515625 0.475 0.11875 0.065625
7 0.95546875 0.5765625 0.0890625 0.071875
8 0.9484375 0.29296875 0.10234375 0.08671875
5 0.2734375 0.34375 0.275 0.346875 0.2828125 0.35 0.2953125 0.359375 0.296875 0.3640625 0.3171875 0.384375 0.3203125 0.384375 0.328125 0.3921875 0.3296875 0.390625 0.3328125 0.3921875 0.3359375 0.4 0.334375 0.4046875 0.3296875 0.40625 0.28125 0.40625 0.2796875 0.4078125 0.2765625 0.40625 0.2734375 0.4078125 0.2125 0.40625 0.2 0.4015625 0.203125 0.39375 0.2140625 0.3875 0.21875 0.3796875 0.2359375 0.3625 0.2390625 0.3625 0.24375 0.35625 0.2609375 0.34375 0.271875 0.34375