3 0.56953125 0.37734375 0.10625 0.0609375
4 0.390625 0.36796875 0.11171875 0.0609375
0 0.5609375 0.23125 0.0921875 0.02421875
9 0.56015625 0.4671875 0.56171875 0.3078125
2 0.74765625 0.37578125 0.1140625 0.065625
12 0.715625 0.57578125 0.11015625 0.06875
11 0.38359375 0.5703125 0.10078125 0.06015625
7 0.38828125 0.47578125 0.103125 0.05703125
1 0.35859375 0.23203125 0.09453125 0.02421875
8 0.72890625 0.47578125 0.12109375 0.06796875
6 0.5765625 0.47734375 0.096875 0.05390625
10 0.56328125 0.575 0.09921875 0.05625