3 0.45625 0.5484375 0.121875 0.0671875
3 0.428125 0.4390625 0.11875 0.06875
4 0.23984375 0.55859375 0.128125 0.0671875
5 0.65234375 0.659375 0.125 0.0859375
3 0.471875 0.66953125 0.115625 0.075
4 0.2265625 0.4390625 0.125 0.0703125
5 0.63125 0.54140625 0.13125 0.0890625
5 0.61640625 0.43125 0.11875 0.0765625
9 0.43671875 0.5578125 0.6828125 0.3890625
2 0.57734375 0.3 0.1140625 0.065625
1 0.1703125 0.28046875 0.11875 0.0765625
12 0.06796875 0.290625 0.1265625 0.0828125
7 0.278125 0.2890625 0.1109375 0.075
0 0.38515625 0.30390625 0.0984375 0.0640625
8 0.7171875 0.29765625 0.1234375 0.0671875
11 0.253125 0.6734375 0.125 0.075
6 0.4859375 0.3046875 0.0984375 0.0625
10 0.4484375 0.25546875 0.1078125 0.065625