3 0.61875 0.525 0.0953125 0.0640625
3 0.4796875 0.49609375 0.090625 0.0609375
4 0.465625 0.58125 0.0875 0.0625
9 0.48515625 0.50078125 0.49375 0.3390625
4 0.615625 0.6078125 0.0953125 0.065625
2 0.81328125 0.48125 0.090625 0.0671875
5 0.346875 0.4 0.1109375 0.0671875
5 0.4921875 0.42421875 0.115625 0.071875
5 0.63828125 0.4484375 0.1046875 0.0671875
12 0.8109375 0.7046875 0.10625 0.06875
0 0.803125 0.56640625 0.090625 0.0578125
1 0.8328125 0.66015625 0.09375 0.0609375
10 0.3296875 0.4703125 0.1 0.065625
8 0.8203125 0.4234375 0.0953125 0.06875
11 0.321875 0.55546875 0.090625 0.0625
6 0.81015625 0.5234375 0.0875 0.059375
7 0.81953125 0.61328125 0.0984375 0.0640625