9 0.575 0.5375 0.621875 0.4421875
3 0.5484375 0.62734375 0.1140625 0.0828125
12 0.41328125 0.39921875 0.1171875 0.090625
4 0.72265625 0.6703125 0.11875 0.084375
11 0.74140625 0.4703125 0.115625 0.084375
5 0.384375 0.596875 0.1171875 0.0875
1 0.74140625 0.82109375 0.109375 0.078125
10 0.5640625 0.4296875 0.1125 0.08125
7 0.73203125 0.565625 0.11875 0.0828125
8 0.3984375 0.4984375 0.11875 0.090625
2 0.36015625 0.7390625 0.103125 0.0515625
6 0.546875 0.52890625 0.1046875 0.0765625
0 0.55 0.77890625 0.096875 0.0640625