7 0.90859375 0.484375 0.1765625 0.1046875
4 0.565625 0.63984375 0.1375 0.084375
4 0.33203125 0.6546875 0.125 0.078125
4 0.12421875 0.6671875 0.1296875 0.078125
9 0.34921875 0.5265625 0.6984375 0.44375
2 0.5421875 0.3859375 0.1515625 0.0828125
1 0.9359375 0.61328125 0.128125 0.0859375
11 0.86015625 0.32421875 0.153125 0.096875
12 0.08359375 0.428125 0.1671875 0.090625
0 0.54296875 0.51171875 0.1359375 0.078125
10 0.0921875 0.54296875 0.1421875 0.078125
6 0.32109375 0.52109375 0.1453125 0.0859375
8 0.31484375 0.40703125 0.1609375 0.0875