5 0.38671875 0.40546875 0.13125 0.0828125
5 0.42890625 0.64140625 0.1265625 0.0890625
5 0.40859375 0.5234375 0.1390625 0.0953125
3 0.5953125 0.396875 0.1296875 0.0765625
9 0.6109375 0.50703125 0.6984375 0.403125
11 0.8375 0.621875 0.128125 0.0828125
7 0.83046875 0.503125 0.1328125 0.0765625
1 0.8171875 0.37578125 0.1328125 0.078125
12 0.16328125 0.59296875 0.1359375 0.08125
10 0.61484375 0.63515625 0.128125 0.0796875
6 0.59453125 0.515625 0.1296875 0.075
8 0.125 0.39375 0.1328125 0.0765625
0 0.1859375 0.2453125 0.05625 0.0203125