3 0.31953125 0.5859375 0.0890625 0.053125
3 0.1765625 0.59375 0.0890625 0.053125
4 0.34296875 0.50546875 0.0953125 0.0609375
4 0.190625 0.50625 0.09375 0.059375
9 0.23046875 0.57890625 0.4609375 0.3515625
5 0.16875 0.665625 0.1125 0.0671875
5 0.3171875 0.66484375 0.1 0.059375
2 0.49375 0.66015625 0.0875 0.0609375
12 0.5484375 0.44453125 0.0953125 0.0609375
4 0.040625 0.6578125 0.0484375 0.0359375
10 0.03671875 0.59453125 0.059375 0.053125
8 0.48203125 0.72109375 0.09375 0.0640625
0 0.509375 0.57265625 0.0828125 0.05
6 0.50078125 0.6171875 0.0828125 0.0515625
11 0.04453125 0.5109375 0.0890625 0.059375
1 0.56015625 0.4890625 0.0828125 0.0515625
7 0.5375 0.5296875 0.0953125 0.0609375