9 0.4875 0.61640625 0.74375 0.43046875
5 0.2625 0.478125 0.16796875 0.08515625
5 0.5109375 0.4828125 0.1796875 0.08359375
5 0.74296875 0.48984375 0.16171875 0.078125
12 0.6140625 0.32109375 0.146875 0.0796875
7 0.5140625 0.7515625 0.1375 0.08828125
11 0.7484375 0.7484375 0.13671875 0.08203125
8 0.19921875 0.30078125 0.14609375 0.08359375
1 0.25703125 0.75703125 0.1421875 0.0890625
0 0.27109375 0.6125 0.146875 0.078125
10 0.753125 0.61015625 0.13828125 0.07265625
6 0.5390625 0.5703125 0.5578125 0.5796875 0.5609375 0.584375 0.5703125 0.5890625 0.5734375 0.5984375 0.5765625 0.6 0.5765625 0.6109375 0.5734375 0.6125 0.5703125 0.6203125 0.553125 0.6328125 0.5484375 0.6328125 0.5390625 0.6375 0.5296875 0.6375 0.5234375 0.640625 0.490625 0.6375 0.4671875 0.63125 0.4578125 0.621875 0.45 0.61875 0.446875 0.6109375 0.446875 0.6 0.45 0.5890625 0.453125 0.5890625 0.46875 0.575 0.484375 0.5703125 0.5046875 0.5703125 0.50625 0.56875 0.5375 0.5703125