3 0.49453125 0.46328125 0.1078125 0.0609375
3 0.67265625 0.4671875 0.1171875 0.065625
4 0.69375 0.3609375 0.1203125 0.0703125
3 0.309375 0.4515625 0.109375 0.059375
9 0.50546875 0.4546875 0.5828125 0.3484375
4 0.50078125 0.35390625 0.103125 0.0640625
5 0.309375 0.54140625 0.1234375 0.0640625
5 0.49296875 0.5546875 0.140625 0.0703125
5 0.67265625 0.56796875 0.1234375 0.06875
2 0.90703125 0.5765625 0.109375 0.0703125
0 0.92265625 0.4671875 0.1125 0.059375
12 0.9546875 0.28984375 0.090625 0.0734375
8 0.90078125 0.6515625 0.1140625 0.0734375
7 0.946875 0.4125 0.10625 0.06875
6 0.9109375 0.52109375 0.1046875 0.059375
1 0.96484375 0.35390625 0.0703125 0.0609375
11 0.3171875 0.346875 0.1171875 0.0640625
10 0.97578125 0.51015625 0.046875 0.059375