9 0.56875 0.53125 0.403125 0.55625
3 0.6078125 0.671875 0.0765625 0.109375
3 0.57578125 0.52109375 0.0703125 0.1
3 0.53515625 0.365625 0.071875 0.103125
5 0.61328125 0.35625 0.0796875 0.1203125
5 0.69453125 0.66171875 0.08125 0.11875
5 0.65390625 0.50859375 0.0859375 0.13125
1 0.52109375 0.696875 0.0765625 0.1078125
11 0.4484375 0.38671875 0.0734375 0.1078125
12 0.7453125 0.42734375 0.0828125 0.1109375
7 0.48203125 0.53515625 0.0734375 0.1046875
2 0.8359375 0.89453125 0.0625 0.071875
8 0.80859375 0.6875 0.0765625 0.1015625
0 0.70546875 0.9421875 0.05625 0.046875