3 0.546875 0.47265625 0.1078125 0.065625
4 0.72578125 0.46796875 0.115625 0.0671875
2 0.36484375 0.65234375 0.103125 0.065625
0 0.565625 0.6296875 0.0984375 0.0625
5 0.37890625 0.4859375 0.1078125 0.071875
9 0.55546875 0.3796875 0.5875 0.3453125
1 0.7625 0.61484375 0.1125 0.06875
12 0.38671875 0.28046875 0.109375 0.0796875
11 0.72890625 0.2625 0.10625 0.071875
7 0.7265625 0.3578125 0.10625 0.065625
10 0.54140625 0.271875 0.10625 0.0671875
6 0.53515625 0.37421875 0.1015625 0.0625
8 0.378125 0.38515625 0.115625 0.075