3 0.590625 0.56875 0.1140625 0.0640625
3 0.59609375 0.68359375 0.1109375 0.06875
5 0.7734375 0.67421875 0.121875 0.08125
5 0.771875 0.56171875 0.128125 0.084375
4 0.36484375 0.4578125 0.13125 0.0703125
3 0.571875 0.45859375 0.11875 0.06875
5 0.7703125 0.44765625 0.121875 0.075
4 0.3765625 0.578125 0.1265625 0.0640625
7 0.31328125 0.28203125 0.1203125 0.071875
2 0.75078125 0.3015625 0.1296875 0.065625
9 0.571875 0.56640625 0.646875 0.35625
12 0.19921875 0.29375 0.134375 0.078125
7 0.42734375 0.29140625 0.115625 0.06875
0 0.53828125 0.30703125 0.10625 0.065625
8 0.903125 0.29765625 0.140625 0.065625
6 0.64765625 0.30625 0.1078125 0.0625
11 0.3890625 0.690625 0.11875 0.078125
10 0.6140625 0.25078125 0.115625 0.0625