9 0.42421875 0.51875 0.590625 0.38125
3 0.58671875 0.50625 0.11875 0.0703125
2 0.92421875 0.5828125 0.128125 0.0765625
4 0.58203125 0.4015625 0.1140625 0.071875
5 0.61015625 0.60546875 0.13125 0.0765625
0 0.88515625 0.4640625 0.1125 0.0671875
12 0.2421875 0.63828125 0.1390625 0.075
2 0.86015625 0.34765625 0.11875 0.0703125
5 0.42734375 0.62109375 0.1375 0.0796875
11 0.21796875 0.44609375 0.1171875 0.065625
8 0.89140625 0.66171875 0.125 0.0828125
10 0.23046875 0.54921875 0.109375 0.065625
6 0.40546875 0.534375 0.103125 0.0640625
7 0.3859375 0.42578125 0.1140625 0.0671875