9 0.64375 0.5796875 0.603125 0.44375
3 0.65625 0.5703125 0.109375 0.0765625
3 0.4984375 0.60703125 0.109375 0.0765625
5 0.64296875 0.48828125 0.1375 0.0921875
5 0.47890625 0.51640625 0.125 0.084375
2 0.2125 0.56171875 0.1125 0.078125
4 0.496875 0.70546875 0.115625 0.0828125
0 0.2359375 0.66796875 0.1078125 0.075
1 0.25078125 0.77421875 0.1203125 0.0859375
12 0.81484375 0.45859375 0.128125 0.0828125
6 0.2484375 0.60859375 0.1015625 0.0703125
10 0.8265625 0.540625 0.115625 0.0796875
8 0.24296875 0.4859375 0.1109375 0.0796875
11 0.840625 0.640625 0.109375 0.08125
7 0.67421875 0.67265625 0.1203125 0.084375