3 0.571875 0.475 0.15625 0.1
4 0.5453125 0.6078125 0.1515625 0.103125
4 0.7875 0.64375 0.140625 0.0953125
5 0.57578125 0.34453125 0.1671875 0.1046875
5 0.80859375 0.3859375 0.1859375 0.1125
3 0.79921875 0.50234375 0.140625 0.0953125
2 0.28125 0.29921875 0.1390625 0.103125
9 0.69765625 0.5015625 0.6046875 0.50625
7 0.21171875 0.5046875 0.153125 0.1
0 0.25703125 0.43984375 0.14375 0.090625
12 0.1859375 0.6546875 0.1703125 0.1109375
5 0.9765625 0.41953125 0.046875 0.0796875
8 0.296875 0.2046875 0.1515625 0.1203125
1 0.178125 0.57578125 0.15 0.096875
6 0.2703125 0.36875 0.1390625 0.0921875