4 0.375 0.6421875 0.0765625 0.1265625
4 0.384375 0.43203125 0.0734375 0.1109375
4 0.39453125 0.2484375 0.0671875 0.1140625
5 0.60390625 0.6546875 0.0703125 0.1359375
5 0.60390625 0.25859375 0.0671875 0.140625
5 0.603125 0.4546875 0.0734375 0.1515625
9 0.4890625 0.45703125 0.3796875 0.6375
3 0.4921875 0.64140625 0.0671875 0.1171875
12 0.7390625 0.38203125 0.0734375 0.1265625
3 0.50625 0.43984375 0.06875 0.1171875
3 0.5078125 0.24140625 0.065625 0.1203125
11 0.36328125 0.95234375 0.0796875 0.0921875
8 0.7421875 0.72109375 0.075 0.121875
0 0.703125 0.97890625 0.053125 0.0421875