3 0.56953125 0.46015625 0.05 0.09140625
3 0.5609375 0.30625 0.0515625 0.0953125
5 0.64765625 0.29140625 0.05234375 0.10703125
5 0.64609375 0.45390625 0.05703125 0.11953125
9 0.559375 0.45625 0.28359375 0.50390625
3 0.56953125 0.6203125 0.04765625 0.09453125
5 0.64765625 0.6109375 0.05234375 0.1125
1 0.471875 0.3046875 0.05234375 0.09453125
2 0.72734375 0.03203125 0.0578125 0.0640625
12 0.75546875 0.51171875 0.05859375 0.09921875
11 0.48203125 0.6234375 0.05 0.096875
7 0.4765625 0.47109375 0.05 0.090625
6 0.49765625 0.0296875 0.04765625 0.05859375
0 0.6640625 0.021875 0.05 0.04375
2 0.753125 0.24140625 0.05625 0.09453125