2 0.88046875 0.39453125 0.11640625 0.06171875
0 0.85546875 0.5125 0.10859375 0.0546875
5 0.39140625 0.40625 0.13203125 0.0640625
1 0.8484375 0.628125 0.115625 0.059375
3 0.5609375 0.5015625 0.1078125 0.059375
5 0.571875 0.403125 0.125 0.06015625
8 0.8375 0.3203125 0.11640625 0.06875
9 0.40078125 0.50625 0.56640625 0.325
4 0.57421875 0.60625 0.1078125 0.06015625
12 0.20234375 0.40703125 0.13203125 0.0640625
7 0.37421875 0.60546875 0.109375 0.05703125
11 0.1984375 0.6046875 0.1125 0.05703125
10 0.20078125 0.49921875 0.1140625 0.06015625
6 0.38203125 0.496875 0.115625 0.0609375