4 0.37109375 0.45859375 0.125 0.06796875
3 0.57578125 0.4578125 0.1203125 0.0671875
4 0.38359375 0.57734375 0.121875 0.0625
3 0.59609375 0.56875 0.11796875 0.06328125
5 0.771875 0.4484375 0.1203125 0.075
2 0.7546875 0.303125 0.12890625 0.065625
5 0.7734375 0.56171875 0.12734375 0.0859375
5 0.775 0.675 0.1171875 0.0796875
3 0.6 0.6828125 0.115625 0.06875
0 0.540625 0.3078125 0.10703125 0.06640625
9 0.57265625 0.565625 0.6546875 0.3609375
12 0.19921875 0.2953125 0.1296875 0.075
7 0.42890625 0.2921875 0.11171875 0.0703125
1 0.31484375 0.284375 0.11796875 0.0734375
10 0.61796875 0.2515625 0.1125 0.0625
6 0.65078125 0.30703125 0.10625 0.06328125
8 0.9015625 0.3 0.13984375 0.06640625
11 0.3921875 0.69140625 0.11328125 0.07578125