4 0.49296875 0.5984375 0.084375 0.0484375
4 0.63671875 0.60625 0.0796875 0.046875
3 0.64765625 0.52578125 0.0796875 0.04453125
5 0.6546875 0.4578125 0.1078125 0.0515625
3 0.515625 0.52265625 0.08125 0.04453125
9 0.64140625 0.5328125 0.44921875 0.25625
5 0.51875 0.44921875 0.0921875 0.04609375
5 0.79453125 0.4671875 0.1 0.04609375
12 0.296875 0.64296875 0.08671875 0.04765625
2 0.3546875 0.44375 0.0765625 0.0453125
7 0.31171875 0.559375 0.0828125 0.04453125
1 0.28984375 0.59921875 0.078125 0.040625
8 0.36328125 0.3875 0.08046875 0.04921875
10 0.79140625 0.534375 0.08828125 0.04609375
0 0.33984375 0.52109375 0.07734375 0.0390625
11 0.77265625 0.61484375 0.0828125 0.0453125
6 0.34609375 0.48125 0.071875 0.0390625