4 0.5875 0.340625 0.071875 0.12421875
4 0.58515625 0.55859375 0.0703125 0.11640625
4 0.58203125 0.75859375 0.06796875 0.12265625
5 0.35546875 0.759375 0.07109375 0.1484375
5 0.353125 0.3359375 0.0703125 0.13359375
5 0.35546875 0.54765625 0.075 0.15625
9 0.46953125 0.54765625 0.37421875 0.6578125
12 0.20859375 0.63515625 0.078125 0.13203125
8 0.20625 0.275 0.08046875 0.13203125
11 0.5859375 0.0453125 0.07734375 0.08984375
0 0.4703125 0.284375 0.478125 0.2859375 0.484375 0.2921875 0.484375 0.2953125 0.4890625 0.2984375 0.49375 0.315625 0.4984375 0.321875 0.5 0.3359375 0.496875 0.3765625 0.4875 0.3953125 0.4734375 0.4078125 0.4625 0.4078125 0.4609375 0.4046875 0.4546875 0.403125 0.4484375 0.396875 0.4484375 0.3921875 0.4375 0.371875 0.4359375 0.3578125 0.4375 0.3234375 0.44375 0.30625 0.45 0.29375 0.4578125 0.2859375 0.46875 0.284375
6 0.4484375 0.5 0.4671875 0.4984375 0.478125 0.50625 0.484375 0.51875 0.484375 0.5296875 0.4890625 0.540625 0.490625 0.55625 0.4890625 0.578125 0.478125 0.6015625 0.4640625 0.6109375 0.446875 0.6078125 0.4453125 0.6046875 0.4390625 0.6015625 0.428125 0.5734375 0.428125 0.5359375 0.4328125 0.51875 0.4484375 0.5015625
10 0.4703125 0.7109375 0.475 0.7125 0.484375 0.725 0.484375 0.7328125 0.4890625 0.7375 0.4890625 0.7484375 0.4921875 0.75625 0.49375 0.7703125 0.4890625 0.8109375 0.4796875 0.8265625 0.4734375 0.8296875 0.471875 0.8328125 0.465625 0.834375 0.45625 0.8328125 0.4546875 0.8296875 0.44375 0.8265625 0.44375 0.8234375 0.440625 0.821875 0.434375 0.809375 0.43125 0.7953125 0.43125 0.765625 0.4328125 0.7640625 0.4328125 0.746875 0.440625 0.725 0.45 0.7125 0.46875 0.7109375