9 0.4265625 0.56875 0.3296875 0.59140625
4 0.53515625 0.378125 0.0640625 0.1140625
4 0.321875 0.37578125 0.0625 0.10390625
4 0.4234375 0.375 0.0578125 0.10703125
5 0.31328125 0.7375 0.075 0.11015625
5 0.5328125 0.75390625 0.071875 0.11484375
2 0.71796875 0.9375 0.0703125 0.12109375
5 0.42421875 0.74375 0.08203125 0.12421875
1 0.74921875 0.45390625 0.075 0.13359375
0 0.52890625 0.565625 0.06328125 0.1046875
12 0.3765625 0.95859375 0.06875 0.0828125
11 0.70078125 0.38671875 0.0734375 0.1265625
7 0.7390625 0.76484375 0.0765625 0.12890625
10 0.31015625 0.56796875 0.06796875 0.10859375
6 0.42265625 0.575 0.06015625 0.10390625
8 0.5609375 0.96328125 0.06328125 0.07109375