3 0.49921875 0.49453125 0.125 0.0828125
3 0.68515625 0.53984375 0.13125 0.0875
4 0.46875 0.60703125 0.1203125 0.0859375
3 0.30078125 0.45390625 0.13125 0.084375
4 0.67265625 0.65234375 0.1328125 0.090625
5 0.71640625 0.43984375 0.15 0.096875
5 0.52265625 0.40078125 0.1546875 0.096875
5 0.32890625 0.3625 0.146875 0.090625
9 0.50546875 0.50859375 0.66875 0.4640625
2 0.94609375 0.49296875 0.1078125 0.0921875
0 0.93046875 0.60859375 0.1234375 0.0828125
12 0.9078125 0.7921875 0.09375 0.0859375
7 0.93125 0.66875 0.0984375 0.0828125
6 0.940625 0.54921875 0.11875 0.0828125
11 0.27578125 0.56328125 0.13125 0.0890625
8 0.95234375 0.4171875 0.0953125 0.096875
1 0.93203125 0.728125 0.06875 0.0703125