9 0.50625 0.3828125 0.765625 0.46875
5 0.73828125 0.509375 0.171875 0.09375
5 0.48984375 0.51796875 0.184375 0.0921875
5 0.2578125 0.52265625 0.165625 0.0859375
12 0.3953125 0.684375 0.1515625 0.0875
7 0.47265625 0.24921875 0.1421875 0.0953125
11 0.2390625 0.26484375 0.140625 0.0890625
8 0.8109375 0.68359375 0.15 0.090625
1 0.72890625 0.23046875 0.146875 0.096875
0 0.72265625 0.37578125 0.15 0.0859375
10 0.24140625 0.403125 0.1421875 0.0796875
6 0.4734375 0.359375 0.475 0.3609375 0.48125 0.359375 0.5 0.3609375 0.5078125 0.3640625 0.5125 0.3625 0.525 0.365625 0.534375 0.375 0.54375 0.3796875 0.546875 0.3953125 0.54375 0.40625 0.525 0.421875 0.5171875 0.4234375 0.509375 0.428125 0.490625 0.428125 0.4828125 0.43125 0.4546875 0.4296875 0.4359375 0.421875 0.4328125 0.4171875 0.4296875 0.4171875 0.421875 0.4109375 0.415625 0.396875 0.415625 0.3921875 0.41875 0.390625 0.421875 0.38125 0.43125 0.3734375 0.453125 0.3625 0.471875 0.359375