9 0.5390625 0.465625 0.553125 0.828125
4 0.4734375 0.70390625 0.1046875 0.1578125
4 0.7046875 0.603125 0.09375 0.1375
3 0.5390625 0.4234375 0.0921875 0.1328125
3 0.425 0.47734375 0.1 0.1453125
3 0.659375 0.38359375 0.096875 0.1359375
4 0.5984375 0.65234375 0.0953125 0.1453125
7 0.2703125 0.61171875 0.109375 0.18125
0 0.23046875 0.48203125 0.065625 0.134375
12 0.615625 0.18203125 0.11875 0.1625
11 0.2875 0.784375 0.075 0.159375
2 0.37109375 0.23984375 0.1125 0.159375
8 0.49296875 0.21328125 0.11875 0.165625