3 0.60546875 0.47734375 0.109375 0.059375
3 0.4234375 0.4859375 0.11953125 0.0625
4 0.6171875 0.590625 0.10390625 0.06171875
4 0.41875 0.5953125 0.11640625 0.06484375
2 0.09375 0.38203125 0.11875 0.06875
5 0.4125 0.3828125 0.1265625 0.0640625
5 0.59765625 0.3859375 0.140625 0.065625
0 0.11484375 0.503125 0.11484375 0.05703125
9 0.5984375 0.49140625 0.5984375 0.3375
1 0.12734375 0.625 0.121875 0.06328125
12 0.796875 0.3828125 0.14140625 0.0671875
8 0.12734375 0.3046875 0.115625 0.0703125
11 0.8046875 0.58671875 0.1265625 0.06015625
6 0.1296875 0.44140625 0.11015625 0.06015625
7 0.053125 0.56328125 0.10546875 0.065625
10 0.8 0.47578125 0.1140625 0.059375