9 0.42109375 0.4625 0.46484375 0.26015625
3 0.28828125 0.4625 0.0890625 0.0484375
5 0.41875 0.38203125 0.11015625 0.05390625
2 0.040625 0.3875 0.08125 0.04765625
4 0.2890625 0.54375 0.08671875 0.0484375
5 0.27890625 0.38515625 0.1015625 0.05
0 0.06328125 0.47890625 0.08671875 0.04296875
12 0.5640625 0.375 0.0984375 0.053125
1 0.08046875 0.56796875 0.09296875 0.04609375
10 0.57265625 0.4484375 0.08359375 0.046875
8 0.059375 0.3296875 0.0921875 0.053125
6 0.42734375 0.45078125 0.08046875 0.04609375
7 0.4390625 0.5375 0.08203125 0.046875
11 0.57578125 0.53125 0.0828125 0.0453125