3 0.365625 0.46328125 0.125 0.06796875
4 0.38828125 0.58046875 0.1234375 0.0703125
5 0.37109375 0.35078125 0.13828125 0.07265625
5 0.16796875 0.36015625 0.15390625 0.075
2 0.71640625 0.33046875 0.13046875 0.0734375
0 0.70078125 0.4640625 0.11875 0.0640625
9 0.253125 0.4671875 0.50625 0.378125
1 0.6984375 0.5953125 0.12734375 0.06875
6 0.1578125 0.4609375 0.125 0.0671875
8 0.65859375 0.24609375 0.1265625 0.0796875
7 0.1640625 0.58671875 0.14375 0.0671875
4 0.01796875 0.590625 0.0359375 0.06171875
3 0.01328125 0.4703125 0.02578125 0.05390625