5 0.353125 0.29296875 0.05390625 0.10703125
3 0.43046875 0.46015625 0.04921875 0.08984375
5 0.353125 0.4515625 0.05703125 0.11640625
3 0.4390625 0.30625 0.0515625 0.0953125
3 0.4296875 0.6203125 0.04921875 0.096875
9 0.440625 0.45625 0.28203125 0.509375
5 0.353125 0.6109375 0.053125 0.1125
1 0.52890625 0.3046875 0.05234375 0.096875
7 0.525 0.47109375 0.05 0.0921875
6 0.50234375 0.0296875 0.04609375 0.059375
12 0.24375 0.5109375 0.05703125 0.096875
11 0.51796875 0.625 0.04609375 0.08515625
2 0.2703125 0.03125 0.053125 0.06171875
10 0.33359375 0.02265625 0.0484375 0.0453125
8 0.24375 0.24296875 0.0546875 0.0921875