5 0.28515625 0.39609375 0.2015625 0.09296875
5 0.54453125 0.38828125 0.16875 0.0859375
5 0.053125 0.40234375 0.10625 0.0921875
9 0.35703125 0.54375 0.71171875 0.4828125
2 0.93359375 0.2375 0.125 0.09921875
8 0.59921875 0.2078125 0.15234375 0.09140625
12 0.1546875 0.21875 0.1703125 0.096875
1 0.57265625 0.675 0.15234375 0.08984375
7 0.2953125 0.68828125 0.1578125 0.09453125
11 0.0515625 0.69921875 0.103125 0.0828125
10 0.04765625 0.53984375 0.0953125 0.0859375
0 0.5484375 0.52734375 0.184375 0.08984375
6 0.2890625 0.528125 0.1609375 0.08671875