3 0.40859375 0.4875 0.0578125 0.096875
3 0.41796875 0.6578125 0.0578125 0.1015625
3 0.4046875 0.3265625 0.059375 0.103125
5 0.325 0.48515625 0.0671875 0.121875
5 0.31328125 0.31953125 0.0609375 0.109375
5 0.3359375 0.65390625 0.0609375 0.1171875
9 0.41875 0.4828125 0.334375 0.5546875
1 0.49921875 0.31953125 0.059375 0.103125
12 0.21484375 0.55703125 0.0671875 0.10625
7 0.50703125 0.4921875 0.059375 0.1015625
11 0.51171875 0.65390625 0.059375 0.10625
2 0.20859375 0.05234375 0.0609375 0.06875
6 0.45 0.0328125 0.053125 0.0640625
8 0.1953125 0.27421875 0.0671875 0.1015625