3 0.41796875 0.50078125 0.09765625 0.053125
3 0.4078125 0.41171875 0.0984375 0.05390625
2 0.57421875 0.2609375 0.0984375 0.0578125
0 0.3875 0.26796875 0.0859375 0.0546875
9 0.40078125 0.4984375 0.51171875 0.27890625
5 0.5609375 0.49921875 0.10703125 0.06953125
4 0.2421875 0.4078125 0.09921875 0.05390625
5 0.56484375 0.4078125 0.09453125 0.0578125
1 0.2078125 0.27265625 0.09453125 0.059375
12 0.55859375 0.590625 0.09453125 0.06171875
6 0.48359375 0.27734375 0.084375 0.05078125
8 0.690625 0.27890625 0.10546875 0.0609375
7 0.24375 0.50390625 0.09765625 0.05390625
11 0.2453125 0.58984375 0.09921875 0.05546875
10 0.4140625 0.59296875 0.08984375 0.05234375