4 0.4140625 0.5109375 0.0921875 0.134375
5 0.6390625 0.56796875 0.0921875 0.1453125
4 0.45859375 0.3 0.0890625 0.125
4 0.4984375 0.1109375 0.0859375 0.128125
5 0.7109375 0.1640625 0.090625 0.1546875
5 0.675 0.36640625 0.1 0.1671875
9 0.55625 0.34765625 0.484375 0.6953125
2 0.684375 0.93828125 0.109375 0.1234375
11 0.34765625 0.83671875 0.1015625 0.159375
12 0.8265625 0.31796875 0.0984375 0.146875
1 0.3734375 0.93046875 0.0984375 0.1203125
6 0.5796875 0.3328125 0.0921875 0.1359375
0 0.53125 0.53125 0.0859375 0.1265625
8 0.57109375 0.9453125 0.1046875 0.109375
8 0.76875 0.66015625 0.096875 0.1328125
10 0.61640625 0.12265625 0.084375 0.13125