5 0.44921875 0.6953125 0.1515625 0.0890625
2 0.0875 0.7375 0.1375 0.0921875
5 0.66171875 0.67265625 0.171875 0.0953125
0 0.0984375 0.590625 0.1359375 0.0796875
3 0.66328125 0.56328125 0.128125 0.08125
3 0.45234375 0.57421875 0.1359375 0.084375
1 0.10859375 0.45234375 0.1390625 0.084375
9 0.64375 0.55 0.7125 0.45625
4 0.43671875 0.4515625 0.1328125 0.084375
12 0.890625 0.6546875 0.171875 0.09375
11 0.87265625 0.41875 0.146875 0.0828125
7 0.67109375 0.43203125 0.140625 0.084375
0 0.11953125 0.66171875 0.1296875 0.08125
2 0.1265625 0.8265625 0.1453125 0.103125
10 0.88203125 0.54375 0.1328125 0.08125