5 0.6078125 0.4 0.128125 0.0765625
5 0.578125 0.6375 0.12265625 0.0828125
5 0.5921875 0.51875 0.134375 0.0890625
3 0.39921875 0.40234375 0.1265625 0.0703125
9 0.38984375 0.5125 0.6796875 0.36796875
11 0.16953125 0.6390625 0.12421875 0.07578125
7 0.1703125 0.5203125 0.1296875 0.06953125
1 0.1765625 0.3921875 0.1296875 0.071875
12 0.84140625 0.575 0.13203125 0.07421875
10 0.3921875 0.640625 0.125 0.0734375
6 0.40625 0.5203125 0.12578125 0.06796875
8 0.86875 0.37421875 0.12890625 0.06953125
0 0.8 0.22890625 0.05546875 0.01796875