9 0.46953125 0.6234375 0.378125 0.6296875
3 0.4640625 0.6 0.0703125 0.1125
5 0.3671875 0.42265625 0.084375 0.1203125
5 0.5859375 0.43359375 0.0796875 0.1234375
3 0.56796875 0.6203125 0.075 0.1203125
5 0.4796875 0.42734375 0.090625 0.128125
3 0.353125 0.59453125 0.0734375 0.1125
2 0.7765625 0.2625 0.053125 0.109375
12 0.453125 0.18828125 0.0734375 0.115625
1 0.55859375 0.82265625 0.071875 0.1234375
8 0.6375 0.1921875 0.071875 0.125
11 0.3375 0.79921875 0.071875 0.1171875
7 0.44453125 0.81328125 0.06875 0.125
0 0.76640625 0.56796875 0.0328125 0.096875
6 0.74609375 0.76015625 0.0453125 0.103125
10 0.775 0.39453125 0.0375 0.1015625