3 0.63671875 0.51328125 0.1234375 0.071875
4 0.63515625 0.62421875 0.125 0.075
9 0.45390625 0.50546875 0.6359375 0.3828125
2 0.95859375 0.42578125 0.0828125 0.0734375
5 0.65625 0.40859375 0.1375 0.075
11 0.22734375 0.58984375 0.1078125 0.065625
6 0.446875 0.48984375 0.121875 0.0734375
1 0.92734375 0.67109375 0.128125 0.071875
12 0.259375 0.37890625 0.1515625 0.078125
7 0.42421875 0.60625 0.11875 0.071875
10 0.2484375 0.47578125 0.1203125 0.071875
0 0.94296875 0.5515625 0.1125 0.0640625
8 0.45859375 0.39296875 0.1375 0.078125