3 0.63359375 0.21015625 0.06171875 0.109375
5 0.53203125 0.19375 0.06171875 0.1234375
3 0.621875 0.3890625 0.0578125 0.10625
5 0.5265625 0.56953125 0.06171875 0.1265625
3 0.61953125 0.58046875 0.0578125 0.11328125
5 0.52890625 0.38359375 0.065625 0.1359375
9 0.63359375 0.3828125 0.334375 0.58125
1 0.7453125 0.203125 0.06796875 0.11328125
12 0.39765625 0.45078125 0.059375 0.115625
11 0.7296875 0.57734375 0.06640625 0.109375
2 0.40078125 0.1375 0.0640625 0.1203125
7 0.7375 0.39765625 0.06875 0.10625