4 0.64765625 0.57109375 0.09375 0.1265625
5 0.38515625 0.4015625 0.09375 0.1453125
4 0.68125 0.75703125 0.0875 0.125
5 0.471875 0.79140625 0.090625 0.1484375
4 0.61015625 0.36328125 0.0984375 0.134375
5 0.42890625 0.6 0.0984375 0.1625
9 0.54140625 0.57578125 0.4953125 0.7015625
2 0.2 0.0953125 0.090625 0.09375
12 0.3125 0.69921875 0.0984375 0.140625
6 0.52734375 0.590625 0.0953125 0.134375
0 0.49375 0.3921875 0.090625 0.1296875
8 0.2984375 0.05390625 0.0828125 0.0578125
11 0.54765625 0.05546875 0.1015625 0.1109375
10 0.57109375 0.7890625 0.084375 0.125
8 0.23515625 0.36796875 0.0921875 0.13125