4 0.253125 0.4359375 0.10625 0.065625
3 0.24453125 0.54921875 0.1046875 0.059375
4 0.4484375 0.44609375 0.1140625 0.065625
3 0.42734375 0.55390625 0.1125 0.0625
5 0.0578125 0.6265625 0.115625 0.0640625
5 0.425 0.6546875 0.125 0.065625
5 0.2390625 0.63984375 0.140625 0.0703125
3 0.0546875 0.5359375 0.109375 0.059375
2 0.6625 0.6671875 0.1015625 0.06875
12 0.7359375 0.3765625 0.1296875 0.0671875
9 0.2828125 0.53984375 0.565625 0.365625
1 0.7453125 0.44140625 0.10625 0.05625
0 0.68125 0.55234375 0.10625 0.05625
8 0.65390625 0.74375 0.109375 0.075
7 0.71640625 0.496875 0.1203125 0.06875
11 0.0640625 0.42890625 0.128125 0.0609375
10 0.7671875 0.6 0.109375 0.0625
6 0.6703125 0.609375 0.1 0.0578125