3 0.67109375 0.51015625 0.1296875 0.07109375
3 0.4640625 0.5203125 0.11640625 0.0640625
4 0.45390625 0.39609375 0.1140625 0.0703125
4 0.67421875 0.38828125 0.12734375 0.071875
9 0.4734375 0.50625 0.65234375 0.3796875
5 0.26875 0.62578125 0.14140625 0.06796875
5 0.475 0.6265625 0.1515625 0.07578125
5 0.68203125 0.6265625 0.13984375 0.07109375
12 0.95234375 0.2890625 0.09296875 0.08125
0 0.94453125 0.490625 0.11015625 0.065625
10 0.25390625 0.525 0.1203125 0.06640625
11 0.246875 0.403125 0.12890625 0.06015625
2 0.9453125 0.61640625 0.103125 0.06875
1 0.96640625 0.35703125 0.06640625 0.0640625
7 0.95625 0.4234375 0.0875 0.06875
6 0.946875 0.5546875 0.10625 0.065625
8 0.94921875 0.70625 0.1015625 0.0890625