4 0.42734375 0.49453125 0.05546875 0.0953125
4 0.43125 0.821875 0.0546875 0.09609375
4 0.42890625 0.6640625 0.053125 0.090625
5 0.60625 0.48984375 0.05546875 0.10703125
2 0.690625 0.2140625 0.059375 0.103125
5 0.60625 0.64921875 0.059375 0.12421875
5 0.60625 0.82109375 0.053125 0.11953125
7 0.60859375 0.18359375 0.0625 0.11015625
9 0.51796875 0.6609375 0.2953125 0.51875
1 0.4578125 0.16796875 0.0609375 0.1125
11 0.42578125 0.2484375 0.05859375 0.11171875
12 0.72109375 0.721875 0.059375 0.1109375
0 0.51875 0.4984375 0.05078125 0.09609375
6 0.5265625 0.6546875 0.05 0.090625
8 0.7171875 0.44296875 0.05546875 0.0953125
10 0.525 0.8328125 0.0515625 0.1015625