9 0.3765625 0.4703125 0.6140625 0.3375
0 0.859375 0.4890625 0.11484375 0.059375
2 0.56875 0.3578125 0.12734375 0.06796875
3 0.553125 0.46796875 0.11796875 0.06171875
7 0.34453125 0.56875 0.1171875 0.0609375
11 0.15859375 0.56171875 0.125 0.0609375
12 0.18125 0.35625 0.140625 0.07109375
1 0.83984375 0.60859375 0.1171875 0.06015625
4 0.5515625 0.57578125 0.115625 0.0640625
8 0.375 0.3578125 0.12578125 0.06796875
6 0.36171875 0.453125 0.10546875 0.059375
10 0.17265625 0.4515625 0.11640625 0.06328125