4 0.4265625 0.33359375 0.0828125 0.1296875
4 0.41015625 0.55078125 0.0796875 0.121875
4 0.39609375 0.75078125 0.078125 0.128125
5 0.62109375 0.77109375 0.084375 0.1546875
5 0.6609375 0.34921875 0.08125 0.1390625
5 0.63984375 0.56015625 0.0890625 0.1625
9 0.5265625 0.55 0.4296875 0.6875
12 0.77890625 0.66015625 0.0890625 0.1390625
8 0.8125 0.3015625 0.0921875 0.1390625
11 0.453125 0.04375 0.084375 0.0875
0 0.559375 0.290625 0.5671875 0.3 0.5703125 0.30625 0.56875 0.309375 0.575 0.321875 0.578125 0.3421875 0.5765625 0.34375 0.5765625 0.359375 0.5734375 0.365625 0.5734375 0.378125 0.5671875 0.3859375 0.565625 0.3921875 0.559375 0.3984375 0.559375 0.403125 0.55625 0.403125 0.553125 0.4078125 0.54375 0.4125 0.534375 0.4109375 0.5328125 0.4078125 0.5265625 0.4046875 0.51875 0.39375 0.51875 0.3890625 0.5125 0.378125 0.5140625 0.375 0.5125 0.3734375 0.5125 0.3578125 0.5140625 0.35625 0.5125 0.340625 0.515625 0.3359375 0.515625 0.3234375 0.521875 0.3171875 0.521875 0.3125 0.528125 0.3 0.53125 0.3 0.5328125 0.2953125 0.5390625 0.2890625 0.5578125 0.290625
6 0.5359375 0.5015625 0.55 0.5046875 0.5546875 0.5140625 0.5609375 0.51875 0.5671875 0.5375 0.565625 0.540625 0.5671875 0.5421875 0.565625 0.575 0.5609375 0.5890625 0.553125 0.6046875 0.5375 0.6140625 0.5203125 0.6125 0.509375 0.5984375 0.50625 0.5921875 0.5078125 0.5890625 0.503125 0.5796875 0.5046875 0.571875 0.503125 0.5578125 0.50625 0.553125 0.5078125 0.5375 0.5109375 0.5359375 0.5125 0.53125 0.5125 0.521875 0.5234375 0.50625 0.534375 0.5015625
10 0.50625 0.7140625 0.525 0.7140625 0.53125 0.7171875 0.53125 0.7203125 0.5390625 0.7296875 0.5453125 0.753125 0.54375 0.7546875 0.54375 0.7703125 0.5453125 0.771875 0.5421875 0.8 0.53125 0.825 0.5265625 0.828125 0.5265625 0.83125 0.515625 0.8328125 0.5140625 0.8359375 0.5046875 0.8375 0.490625 0.828125 0.4828125 0.8109375 0.484375 0.8 0.48125 0.76875 0.484375 0.7640625 0.4859375 0.7515625 0.4890625 0.7484375 0.4890625 0.7390625 0.4953125 0.7328125 0.4953125 0.7265625 0.5 0.721875 0.5 0.71875 0.50625 0.715625