4 0.64296875 0.534375 0.0703125 0.10625
4 0.60625 0.21953125 0.0765625 0.1109375
5 0.4734375 0.5375 0.075 0.121875
5 0.4515625 0.3796875 0.08125 0.1296875
4 0.6265625 0.3859375 0.0734375 0.103125
5 0.42734375 0.22421875 0.0734375 0.1171875
1 0.5140625 0.22421875 0.06875 0.1015625
6 0.52890625 0.38125 0.065625 0.096875
12 0.35078125 0.43984375 0.0765625 0.1140625
10 0.55390625 0.54375 0.06875 0.1046875
8 0.31015625 0.17421875 0.075 0.1078125
9 0.6490373640625 0.12940031406250002 0.3596462875 0.1235187421875 0.43318819062499997 0.610463175 0.7093577 0.615568365625 0.6490373640625 0.12940031406250002