9 0.65546875 0.62265625 0.34609375 0.61640625
3 0.66953125 0.6296875 0.06171875 0.1078125
5 0.7625 0.4296875 0.0640625 0.128125
3 0.65859375 0.45 0.0609375 0.1125
3 0.6734375 0.81875 0.059375 0.1125
5 0.76796875 0.80625 0.0640625 0.13203125
5 0.76328125 0.61796875 0.06796875 0.14140625
2 0.86328125 0.08046875 0.07734375 0.12421875
0 0.6828125 0.06328125 0.0625 0.1140625
6 0.57578125 0.1046875 0.05703125 0.10703125
12 0.8953125 0.67890625 0.07421875 0.121875
11 0.56796875 0.834375 0.06171875 0.12734375
7 0.55859375 0.65703125 0.06171875 0.115625
1 0.54921875 0.4609375 0.0609375 0.11640625
10 0.78125 0.06015625 0.06484375 0.11328125
8 0.8953125 0.35625 0.08046875 0.1125