3 0.53828125 0.41328125 0.0796875 0.1140625
4 0.39921875 0.24140625 0.08125 0.1203125
4 0.45546875 0.609375 0.0875 0.125
4 0.4265625 0.41640625 0.0859375 0.11875
3 0.5609375 0.59609375 0.08125 0.1203125
3 0.5046875 0.22421875 0.078125 0.1203125
9 0.52734375 0.425 0.4734375 0.678125
0 0.6359375 0.86875 0.078125 0.1140625
2 0.671875 0.59140625 0.09375 0.134375
12 0.60390625 0.21875 0.096875 0.146875
11 0.503125 0.903125 0.0953125 0.14375
8 0.6375 0.40546875 0.0953125 0.140625
7 0.5734375 0.86015625 0.1015625 0.1546875
10 0.63359375 0.9546875 0.0671875 0.0640625
6 0.68671875 0.940625 0.06875 0.071875