3 0.4609375 0.48203125 0.125 0.0765625
4 0.459375 0.6078125 0.1203125 0.0796875
5 0.25390625 0.3953125 0.1484375 0.08125
4 0.67890625 0.596875 0.1328125 0.084375
5 0.46015625 0.3765625 0.1625 0.0890625
5 0.66796875 0.3578125 0.146875 0.0828125
3 0.6640625 0.47578125 0.1296875 0.0796875
9 0.47578125 0.49609375 0.6890625 0.434375
12 0.96328125 0.66953125 0.0734375 0.0859375
0 0.9421875 0.4703125 0.115625 0.075
7 0.9578125 0.53671875 0.084375 0.0765625
10 0.24921875 0.496875 0.128125 0.078125
11 0.25390625 0.61875 0.1359375 0.078125
2 0.934375 0.3421875 0.1125 0.0796875
1 0.9703125 0.60078125 0.059375 0.0703125
8 0.92734375 0.25078125 0.1109375 0.0984375